desc: I1 cache:         32768 B, 64 B, 8-way associative
desc: D1 cache:         32768 B, 64 B, 8-way associative
desc: LL cache:         8388608 B, 64 B, direct-mapped
cmd: ./a.out
events: Ir I1mr ILmr Dr D1mr DLmr Dw D1mw DLmw 
fl=/build/glibc-eX1tMB/glibc-2.31/csu/../csu/libc-start.c
fn=(below main)
137 14 1 1 0 0 0 9 0 0
141 4 1 1 1 0 0 1 0 0
237 2 0 0 0 0 0 0 0 0
238 3 0 0 0 0 0 1 0 0
260 4 0 0 2 0 0 0 0 0
263 2 0 0 0 0 0 0 0 0
264 5 0 0 4 0 0 1 0 0
268 4 1 1 2 0 0 0 0 0
283 2 0 0 0 0 0 0 0 0
295 3 0 0 0 0 0 1 0 0
296 2 0 0 0 0 0 0 0 0
301 2 0 0 1 1 0 1 0 0
302 2 1 1 1 1 0 1 0 0
305 2 0 0 0 0 0 1 0 0
308 6 0 0 5 0 0 1 0 0
342 2 0 0 0 0 0 1 0 0
fl=/build/glibc-eX1tMB/glibc-2.31/csu/init-first.c
fn=_init
52 4 1 1 0 0 0 1 0 0
55 4 1 1 1 1 0 1 0 0
62 5 1 1 4 1 0 0 0 0
67 1 0 0 0 0 0 1 1 1
68 1 0 0 0 0 0 1 0 0
69 2 0 0 1 1 0 1 1 1
77 2 0 0 0 0 0 1 0 0
80 1 0 0 0 0 0 0 0 0
85 2 0 0 1 0 0 0 0 0
fl=/build/glibc-eX1tMB/glibc-2.31/ctype/ctype-info.c
fn=__ctype_init
29 1 1 1 0 0 0 0 0 0
31 7 1 1 5 3 0 1 0 0
33 4 0 0 2 1 0 1 0 0
35 4 0 0 2 1 0 1 0 0
36 1 0 0 1 0 0 0 0 0
fl=/build/glibc-eX1tMB/glibc-2.31/debug/printf_chk.c
fn=__printf_chk
25 22 2 2 2 1 1 10 4 4
28 8 1 1 0 0 0 0 0 0
32 12 0 0 0 0 0 8 0 0
33 8 0 0 4 2 2 2 0 0
37 10 1 1 6 1 0 0 0 0
fl=/build/glibc-eX1tMB/glibc-2.31/elf/../elf/dl-runtime.c
fn=_dl_fixup
66 8 2 2 0 0 0 2 0 0
68 2 0 0 2 0 0 0 0 0
69 4 0 0 4 2 0 0 0 0
72 10 0 0 4 4 0 0 0 0
73 14 0 0 4 3 0 2 0 0
75 6 1 1 4 1 0 0 0 0
80 4 0 0 0 0 0 0 0 0
84 4 0 0 2 2 0 0 0 0
86 8 1 1 2 1 0 0 0 0
88 6 0 0 2 1 0 0 0 0
92 4 0 0 4 2 0 0 0 0
93 8 0 0 2 1 0 0 0 0
101 2 0 0 0 0 0 0 0 0
102 6 0 0 2 1 0 0 0 0
112 22 1 1 4 2 0 6 0 0
116 10 0 0 6 0 0 0 0 0
126 18 0 0 6 0 0 0 0 0
133 2 0 0 2 0 0 0 0 0
141 8 1 1 2 0 0 0 0 0
145 6 0 0 2 1 0 0 0 0
149 6 0 0 4 0 0 0 0 0
fl=/build/glibc-eX1tMB/glibc-2.31/elf/../elf/dl-sysdep.c
fn=_dl_sysdep_start
89 9 2 2 0 0 0 6 0 0
90 2 0 0 1 1 1 0 0 0
91 1 0 0 0 0 0 0 0 0
113 1 0 0 0 0 0 1 0 0
114 234 1 1 76 10 10 4 3 3
117 2 0 0 0 0 0 1 1 1
118 1 0 0 0 0 0 1 0 0
120 137 6 6 36 6 6 19 1 1
121 108 1 1 17 3 3 0 0 0
124 1 1 1 1 0 0 0 0 0
127 1 0 0 1 0 0 0 0 0
130 1 1 1 1 0 0 0 0 0
131 1 0 0 0 0 0 0 0 0
133 1 0 0 1 0 0 0 0 0
134 1 0 0 0 0 0 0 0 0
154 1 1 1 1 0 0 0 0 0
155 1 0 0 0 0 0 0 0 0
157 1 0 0 1 0 0 0 0 0
158 1 0 0 0 0 0 0 0 0
160 2 2 2 1 0 0 1 0 0
161 1 0 0 0 0 0 1 0 0
166 2 0 0 1 0 0 1 0 0
167 1 0 0 0 0 0 1 0 0
182 2 0 0 1 0 0 1 0 0
183 2 0 0 0 0 0 1 0 0
223 1 1 1 0 0 0 1 0 0
234 3 0 0 1 0 0 0 0 0
235 2 1 1 0 0 0 2 0 0
237 5 0 0 0 0 0 1 0 0
249 3 0 0 1 0 0 0 0 0
252 5 0 0 1 0 0 1 0 0
253 1 1 0 1 1 0 0 0 0
254 8 1 1 7 1 0 0 0 0
fn=_dl_sysdep_start_cleanup
258 1 1 1 0 0 0 0 0 0
259 1 0 0 1 0 0 0 0 0
fl=/build/glibc-eX1tMB/glibc-2.31/elf/../elf/dl-tls.c
fn=_dl_add_to_slotinfo
887 8 1 1 0 0 0 4 0 0
893 1 0 0 1 0 0 0 0 0
896 1 0 0 1 1 0 0 0 0
897 1 0 0 0 0 0 0 0 0
901 3 0 0 1 0 0 0 0 0
942 2 1 1 0 0 0 0 0 0
944 1 0 0 0 0 0 1 0 0
945 5 0 0 1 1 0 1 0 0
947 6 0 0 5 0 0 0 0 0
fn=_dl_allocate_tls_init
437 9 1 1 0 0 0 7 0 0
438 2 0 0 0 0 0 0 0 0
442 2 0 0 1 1 0 1 0 0
444 2 0 0 0 0 0 0 0 0
445 1 0 0 0 0 0 0 0 0
448 3 0 0 2 1 0 0 0 0
460 1 0 0 1 0 0 0 0 0
465 8 1 1 2 0 0 0 0 0
471 6 1 1 0 0 0 0 0 0
474 3 0 0 1 0 0 0 0 0
475 2 0 0 0 0 0 0 0 0
481 3 0 0 2 0 0 0 0 0
482 2 1 1 0 0 0 0 0 0
484 6 0 0 3 1 0 1 1 1
487 2 0 0 0 0 0 0 0 0
488 2 0 0 1 0 0 0 0 0
491 2 0 0 0 0 0 0 0 0
492 4 1 1 2 0 0 0 0 0
494 2 0 0 0 0 0 0 0 0
495 2 0 0 1 0 0 0 0 0
504 1 0 0 0 0 0 1 0 0
507 9 0 0 2 0 0 2 0 0
521 2 0 0 1 0 0 1 0 0
524 9 0 0 8 0 0 0 0 0
fn=_dl_allocate_tls_storage
285 2 0 0 1 0 0 0 0 0
286 3 0 0 0 0 0 1 0 0
287 2 0 0 0 0 0 0 0 0
290 1 0 0 0 0 0 1 0 0
296 2 1 1 0 0 0 1 0 0
332 4 1 1 0 0 0 3 0 0
334 1 0 0 1 0 0 0 0 0
345 1 0 0 1 0 0 0 0 0
346 2 0 0 0 0 0 1 0 0
347 3 1 1 0 0 0 0 0 0
355 4 0 0 0 0 0 0 0 0
356 1 0 0 0 0 0 0 0 0
360 297 1 1 0 0 0 289 36 36
379 1 0 0 0 0 0 1 1 1
385 5 0 0 4 0 0 0 0 0
fn=_dl_count_modids
108 1 1 1 0 0 0 0 0 0
113 2 0 0 1 0 0 0 0 0
114 1 0 0 1 0 0 0 0 0
129 2 0 0 1 0 0 0 0 0
fn=_dl_determine_tlsoffset
135 6 1 1 0 0 0 5 0 0
136 2 0 0 0 0 0 0 0 0
137 1 0 0 0 0 0 0 0 0
138 1 1 1 0 0 0 0 0 0
141 3 0 0 1 0 0 0 0 0
144 2 0 0 1 0 0 0 0 0
178 1 0 0 0 0 0 0 0 0
180 10 0 0 2 0 0 0 0 0
182 3 1 1 1 0 0 0 0 0
184 3 0 0 1 0 0 0 0 0
185 2 1 1 1 0 0 0 0 0
187 2 0 0 0 0 0 0 0 0
189 5 0 0 1 0 0 0 0 0
201 6 1 1 0 0 0 0 0 0
205 8 0 0 0 0 0 0 0 0
207 2 0 0 0 0 0 0 0 0
208 2 0 0 0 0 0 0 0 0
217 1 0 0 0 0 0 1 0 0
221 3 1 1 0 0 0 1 0 0
272 1 0 0 0 0 0 1 0 0
273 6 0 0 6 0 0 0 0 0
fn=_dl_next_tls_modid
48 1 1 1 0 0 0 0 0 0
51 4 0 0 2 0 0 0 0 0
99 1 0 0 0 0 0 1 0 0
103 1 0 0 1 0 0 0 0 0
fl=/build/glibc-eX1tMB/glibc-2.31/elf/../include/scratch_buffer.h
fn=_dl_map_object_deps
77 3 0 0 0 0 0 2 1 1
78 1 1 1 0 0 0 1 0 0
85 3 1 1 2 0 0 0 0 0
131 6 0 0 0 0 0 2 0 0
fl=/build/glibc-eX1tMB/glibc-2.31/elf/../misc/sbrk.c
fn=sbrk
32 5 1 1 0 0 0 2 0 0
40 6 0 0 2 1 1 0 0 0
44 2 0 0 0 0 0 0 0 0
60 5 1 1 3 0 0 0 0 0
fl=/build/glibc-eX1tMB/glibc-2.31/elf/../sysdeps/generic/dl-cache.h
fn=_dl_load_cache_lookup
153 5 0 0 0 0 0 0 0 0
fl=/build/glibc-eX1tMB/glibc-2.31/elf/../sysdeps/generic/ldsodefs.h
fn=_dl_relocate_object
126 297 0 0 99 0 0 0 0 0
fn=do_lookup_x
126 264 0 0 88 0 0 0 0 0
fl=/build/glibc-eX1tMB/glibc-2.31/elf/../sysdeps/posix/dl-fileid.h
fn=_dl_map_object_from_fd
37 12 1 1 2 0 0 2 0 0
40 6 0 0 4 1 1 2 0 0
41 2 0 0 2 0 0 0 0 0
49 12 1 1 6 1 1 0 0 0
fl=/build/glibc-eX1tMB/glibc-2.31/elf/../sysdeps/unix/sysv/linux/dl-osinfo.h
fn=dl_main
64 2 1 1 1 0 0 0 0 0
77 1 0 0 1 0 0 0 0 0
fl=/build/glibc-eX1tMB/glibc-2.31/elf/../sysdeps/unix/sysv/linux/dl-sysdep.c
fn=_dl_discover_osversion
46 5 1 1 0 0 0 3 0 0
48 3 0 0 1 0 0 0 0 0
88 4 1 1 0 0 0 1 1 1
103 1 1 1 0 0 0 0 0 0
107 1 0 0 0 0 0 0 0 0
108 1 0 0 0 0 0 0 0 0
110 12 0 0 3 1 1 0 0 0
112 6 0 0 0 0 0 0 0 0
114 12 0 0 3 0 0 0 0 0
120 3 0 0 0 0 0 0 0 0
121 3 1 1 0 0 0 0 0 0
122 3 0 0 0 0 0 0 0 0
124 13 0 0 0 0 0 0 0 0
129 2 0 0 0 0 0 0 0 0
133 5 0 0 4 0 0 0 0 0
fn=_dl_sysdep_start
36 2 0 0 0 0 0 1 0 0
fl=/build/glibc-eX1tMB/glibc-2.31/elf/../sysdeps/unix/sysv/linux/dl-vdso-setup.h
fn=dl_main
30 5 2 2 0 0 0 3 0 0
33 1 0 0 0 0 0 1 0 0
36 1 0 0 0 0 0 1 0 0
39 1 0 0 0 0 0 1 0 0
45 1 1 1 0 0 0 1 0 0
fl=/build/glibc-eX1tMB/glibc-2.31/elf/../sysdeps/unix/sysv/linux/dl-vdso.h
fn=dl_main
40 1 1 1 1 0 0 0 0 0
41 2 1 1 0 0 0 0 0 0
55 2 0 0 0 0 0 0 0 0
fl=/build/glibc-eX1tMB/glibc-2.31/elf/../sysdeps/unix/sysv/linux/x86/cpu-features.c
fn=_dl_sysdep_start
28 6 0 0 0 0 0 0 0 0
fl=/build/glibc-eX1tMB/glibc-2.31/elf/../sysdeps/unix/sysv/linux/x86_64/brk.c
fn=brk
28 1 1 1 0 0 0 0 0 0
31 5 1 1 0 0 0 1 0 0
33 2 0 0 0 0 0 0 0 0
39 1 0 0 0 0 0 0 0 0
40 1 0 0 1 0 0 0 0 0
fl=/build/glibc-eX1tMB/glibc-2.31/elf/../sysdeps/x86/cpu-features.c
fn=_dl_sysdep_start
49 4 0 0 0 0 0 0 0 0
50 2 1 1 0 0 0 0 0 0
51 6 0 0 0 0 0 4 0 0
56 2 0 0 0 0 0 0 0 0
57 6 1 1 0 0 0 4 0 0
62 2 0 0 0 0 0 0 0 0
63 6 0 0 0 0 0 4 0 0
309 1 0 0 0 0 0 1 0 0
310 1 0 0 0 0 0 1 0 0
311 1 0 0 0 0 0 1 0 0
322 3 0 0 0 0 0 1 1 1
325 6 1 1 0 0 0 0 0 0
326 1 0 0 0 0 0 0 0 0
329 1 0 0 0 0 0 0 0 0
331 6 1 1 0 0 0 1 0 0
336 7 1 1 5 0 0 0 0 0
338 10 1 1 2 1 1 1 0 0
376 2 0 0 1 0 0 0 0 0
390 1 0 0 0 0 0 0 0 0
400 5 1 1 0 0 0 0 0 0
414 2 0 0 0 0 0 1 0 0
415 1 0 0 0 0 0 0 0 0
425 6 0 0 0 0 0 1 0 0
476 3 1 1 1 0 0 0 0 0
477 1 0 0 1 0 0 0 0 0
480 2 0 0 0 0 0 0 0 0
481 1 0 0 1 0 0 0 0 0
487 1 0 0 0 0 0 1 0 0
488 1 0 0 0 0 0 1 0 0
489 1 0 0 0 0 0 1 0 0
490 1 0 0 0 0 0 1 0 0
493 4 1 1 0 0 0 1 0 0
495 6 0 0 1 0 0 2 0 0
497 6 1 1 1 0 0 2 0 0
499 6 0 0 1 0 0 2 0 0
510 1 0 0 0 0 0 1 0 0
511 2 0 0 1 0 0 0 0 0
515 3 1 1 1 0 0 0 0 0
534 3 1 1 0 0 0 0 0 0
536 4 0 0 1 0 0 0 0 0
537 2 0 0 1 0 0 0 0 0
539 4 1 1 1 0 0 0 0 0
540 2 0 0 0 0 0 0 0 0
543 2 1 1 0 0 0 1 0 0
558 4 1 1 0 0 0 1 0 0
560 4 0 0 0 0 0 1 0 0
fn=get_common_indices.constprop.0
71 2 1 1 0 0 0 1 0 0
75 4 0 0 0 0 0 0 0 0
78 5 1 1 0 0 0 3 0 0
81 1 0 0 0 0 0 1 0 0
82 4 0 0 0 0 0 1 0 0
83 4 0 0 0 0 0 1 0 0
84 4 0 0 0 0 0 1 0 0
85 3 0 0 0 0 0 1 0 0
86 2 0 0 1 0 0 0 0 0
93 2 0 0 1 0 0 0 0 0
94 7 1 1 0 0 0 4 0 0
100 2 0 0 1 0 0 0 0 0
101 7 1 1 0 0 0 4 0 0
108 3 0 0 1 0 0 0 0 0
112 2 0 0 0 0 0 0 0 0
114 4 0 0 0 0 0 0 0 0
118 2 1 1 0 0 0 0 0 0
121 4 1 1 1 0 0 1 0 0
124 2 0 0 1 0 0 0 0 0
127 3 0 0 0 0 0 1 0 0
132 1 0 0 1 0 0 0 0 0
135 2 0 0 0 0 0 0 0 0
137 2 1 1 0 0 0 1 0 0
139 3 0 0 1 0 0 0 0 0
143 2 0 0 0 0 0 0 0 0
147 2 0 0 1 0 0 0 0 0
154 3 1 1 0 0 0 0 0 0
225 2 0 0 1 0 0 0 0 0
229 3 1 1 0 0 0 0 0 0
230 2 0 0 0 0 0 0 0 0
232 1 0 0 0 0 0 0 0 0
233 1 0 0 0 0 0 0 0 0
236 2 0 0 0 0 0 1 0 0
238 1 0 0 0 0 0 1 1 1
241 2 0 0 1 0 0 0 0 0
291 3 0 0 2 0 0 0 0 0
fl=/build/glibc-eX1tMB/glibc-2.31/elf/../sysdeps/x86/dl-cet.c
fn=_dl_cet_check
343 1 1 1 0 0 0 0 0 0
344 1 0 0 0 0 0 0 0 0
fn=dl_cet_check
97 7 1 1 0 0 0 6 0 0
99 2 0 0 0 0 0 0 0 0
100 1 0 0 1 0 0 0 0 0
102 1 0 0 0 0 0 0 0 0
103 1 0 0 0 0 0 0 0 0
106 4 0 0 0 0 0 0 0 0
107 2 0 0 0 0 0 0 0 0
112 1 0 0 1 0 0 0 0 0
117 2 1 1 0 0 0 0 0 0
326 8 1 1 7 0 0 0 0 0
fl=/build/glibc-eX1tMB/glibc-2.31/elf/../sysdeps/x86/dl-hwcap.h
fn=_dl_important_hwcaps
57 6 1 1 0 0 0 2 0 0
fl=/build/glibc-eX1tMB/glibc-2.31/elf/../sysdeps/x86/dl-procinfo.h
fn=_dl_load_cache_lookup
39 2 0 0 0 0 0 0 0 0
42 7 1 1 0 0 0 2 0 0
fl=/build/glibc-eX1tMB/glibc-2.31/elf/../sysdeps/x86/dl-prop.h
fn=_dl_process_pt_note
53 6 2 2 3 0 0 0 0 0
59 4 0 0 2 0 0 0 0 0
62 1 0 0 0 0 0 0 0 0
67 8 0 0 0 0 0 0 0 0
70 3 1 1 1 0 0 0 0 0
71 2 0 0 1 0 0 0 0 0
72 2 0 0 1 0 0 0 0 0
76 3 1 1 1 0 0 0 0 0
80 3 0 0 0 0 0 1 0 0
83 3 0 0 1 0 0 0 0 0
84 2 0 0 0 0 0 0 0 0
88 1 0 0 0 0 0 0 0 0
89 2 0 0 0 0 0 0 0 0
93 2 0 0 1 0 0 0 0 0
94 1 0 0 1 0 0 0 0 0
97 4 1 1 0 0 0 0 0 0
100 1 1 1 0 0 0 0 0 0
101 4 0 0 0 0 0 0 0 0
106 2 0 0 0 0 0 0 0 0
113 2 1 1 0 0 0 0 0 0
116 2 0 0 1 0 0 1 0 0
120 1 0 0 0 0 0 0 0 0
136 1 0 0 0 0 0 0 0 0
137 4 0 0 0 0 0 0 0 0
142 5 0 0 1 0 0 0 0 0
143 1 0 0 1 0 0 0 0 0
144 2 0 0 0 0 0 0 0 0
145 2 0 0 1 0 0 0 0 0
153 30 1 1 0 0 0 18 1 1
156 3 0 0 0 0 0 1 0 0
157 3 0 0 3 0 0 0 0 0
159 12 0 0 6 0 0 0 0 0
163 4 0 0 0 0 0 0 0 0
164 32 1 1 2 0 0 0 0 0
170 14 0 0 0 0 0 2 1 1
179 2 0 0 0 0 0 0 0 0
182 3 1 1 0 0 0 0 0 0
183 24 1 1 21 0 0 0 0 0
fn=dl_main
33 3 0 0 1 0 0 1 0 0
59 6 1 1 3 0 0 0 0 0
64 1 0 0 0 0 0 0 0 0
65 1 0 0 0 0 0 0 0 0
67 11 1 1 2 0 0 1 0 0
70 4 1 1 1 1 1 1 0 0
71 2 0 0 1 1 1 0 0 0
72 2 0 0 1 0 0 0 0 0
76 3 1 1 1 0 0 0 0 0
80 3 0 0 0 0 0 1 0 0
83 3 0 0 1 0 0 0 0 0
84 2 0 0 0 0 0 0 0 0
88 1 0 0 0 0 0 0 0 0
89 3 0 0 0 0 0 1 0 0
93 1 0 0 1 0 0 0 0 0
94 4 1 1 1 0 0 1 0 0
97 2 0 0 0 0 0 0 0 0
100 1 0 0 0 0 0 0 0 0
101 4 0 0 1 0 0 0 0 0
106 2 0 0 0 0 0 0 0 0
113 2 1 1 1 0 0 0 0 0
116 1 0 0 1 0 0 0 0 0
120 1 0 0 0 0 0 0 0 0
136 1 0 0 0 0 0 0 0 0
137 5 0 0 1 0 0 0 0 0
142 3 0 0 0 0 0 0 0 0
143 1 0 0 1 0 0 0 0 0
144 2 0 0 0 0 0 0 0 0
145 1 0 0 1 0 0 0 0 0
189 2 0 0 2 0 0 0 0 0
190 2 0 0 1 0 0 1 0 0
fl=/build/glibc-eX1tMB/glibc-2.31/elf/../sysdeps/x86_64/dl-machine.h
fn=_dl_fixup
242 2 0 0 0 0 0 2 0 0
fn=_dl_relocate_object
76 14 0 0 4 0 0 0 0 0
82 2 0 0 2 0 0 0 0 0
86 3 0 0 1 1 1 0 0 0
92 1 0 0 0 0 0 1 0 0
100 3 0 0 1 0 0 0 0 0
120 2 1 1 1 0 0 0 0 0
122 2 1 1 0 0 0 1 0 0
124 4 1 1 1 0 0 0 0 0
131 7 1 1 2 1 1 0 0 0
276 232 0 0 0 0 0 0 0 0
297 232 1 1 0 0 0 0 0 0
301 232 0 0 0 0 0 0 0 0
308 4667 10 10 902 82 72 681 3 0
309 916 4 4 407 0 0 0 0 0
312 318 1 1 0 0 0 0 0 0
314 214 0 0 2 0 0 0 0 0
317 4 0 0 0 0 0 0 0 0
318 6 0 0 2 0 0 0 0 0
319 4 0 0 0 0 0 0 0 0
323 2 1 1 0 0 0 2 0 0
330 6 0 0 2 0 0 2 0 0
333 730 1 1 116 3 3 0 0 0
429 51 1 1 17 0 0 0 0 0
433 68 1 1 17 1 0 0 0 0
438 51 0 0 34 2 2 0 0 0
447 51 0 0 17 0 0 17 8 8
457 297 0 0 198 14 13 99 12 7
458 99 0 0 0 0 0 0 0 0
481 12 0 0 0 0 0 4 0 0
491 9 0 0 0 0 0 3 0 0
536 3651 0 0 1217 153 153 0 0 0
541 2434 0 0 0 0 0 0 0 0
542 3651 0 0 1217 151 151 1217 231 227
552 94 0 0 47 0 0 0 0 0
556 14 0 0 0 0 0 0 0 0
559 21 0 0 7 0 0 0 0 0
560 7 0 0 7 4 3 0 0 0
577 80 0 0 80 0 0 0 0 0
579 40 0 0 0 0 0 40 0 0
580 40 0 0 0 0 0 40 3 3
fn=_dl_start
59 3 0 0 1 1 1 0 0 0
301 27 0 0 0 0 0 0 0 0
309 90 1 1 36 8 8 0 0 0
312 18 0 0 0 0 0 0 0 0
333 63 0 0 0 0 0 0 0 0
353 18 1 1 9 2 2 9 2 2
354 9 0 0 0 0 0 0 0 0
421 1 0 0 0 0 0 0 0 0
541 84 0 0 42 5 5 0 0 0
542 126 1 1 42 5 5 42 25 25
fl=/build/glibc-eX1tMB/glibc-2.31/elf/../sysdeps/x86_64/dl-trampoline.h
fn=_dl_runtime_resolve_xsave
67 2 1 1 0 0 0 0 0 0
72 2 0 0 0 0 0 2 0 0
75 2 0 0 0 0 0 0 0 0
77 2 0 0 0 0 0 0 0 0
87 2 0 0 2 1 0 0 0 0
93 2 0 0 0 0 0 2 2 1
94 2 0 0 0 0 0 2 0 0
95 2 1 1 0 0 0 2 0 0
96 2 0 0 0 0 0 2 0 0
97 2 0 0 0 0 0 2 0 0
98 2 0 0 0 0 0 2 0 0
99 2 0 0 0 0 0 2 0 0
103 2 0 0 0 0 0 0 0 0
104 2 0 0 0 0 0 0 0 0
107 2 0 0 0 0 0 2 2 1
108 2 0 0 0 0 0 2 0 0
110 2 0 0 0 0 0 2 0 0
111 2 0 0 0 0 0 2 0 0
112 2 1 1 0 0 0 2 0 0
113 2 0 0 0 0 0 2 0 0
114 2 0 0 0 0 0 2 0 0
115 2 0 0 0 0 0 2 0 0
117 2 0 0 2 0 0 66 18 9
124 2 0 0 2 0 0 0 0 0
125 2 0 0 2 0 0 0 0 0
126 2 0 0 0 0 0 2 2 0
127 2 0 0 0 0 0 0 0 0
132 2 0 0 0 0 0 0 0 0
133 2 0 0 0 0 0 0 0 0
134 2 0 0 72 0 0 0 0 0
136 2 1 1 2 0 0 0 0 0
137 2 0 0 2 0 0 0 0 0
138 2 0 0 2 0 0 0 0 0
139 2 0 0 2 0 0 0 0 0
140 2 0 0 2 0 0 0 0 0
141 2 0 0 2 0 0 0 0 0
142 2 0 0 2 0 0 0 0 0
144 2 0 0 0 0 0 0 0 0
146 2 0 0 2 0 0 0 0 0
150 2 0 0 0 0 0 0 0 0
153 2 0 0 0 0 0 0 0 0
fl=/build/glibc-eX1tMB/glibc-2.31/elf/./dl-load.h
fn=_dl_map_object_from_fd
90 12 0 0 0 0 0 0 0 0
91 6 0 0 4 0 0 2 0 0
93 12 1 1 6 0 0 0 0 0
94 5 1 1 3 0 0 0 0 0
95 6 1 1 2 0 0 0 0 0
96 4 0 0 1 0 0 0 0 0
98 4 0 0 0 0 0 1 0 0
fl=/build/glibc-eX1tMB/glibc-2.31/elf/./dl-map-segments.h
fn=_dl_map_object_from_fd
50 4 0 0 2 0 0 0 0 0
56 16 0 0 6 0 0 4 0 0
60 4 0 0 0 0 0 0 0 0
63 6 1 1 2 0 0 2 0 0
64 4 0 0 0 0 0 2 0 0
66 4 0 0 2 0 0 0 0 0
73 24 1 1 8 0 0 2 0 0
80 2 0 0 2 0 0 0 0 0
82 2 0 0 2 0 0 0 0 0
90 30 0 0 6 0 0 0 0 0
92 20 0 0 12 0 0 0 0 0
94 40 1 1 12 0 0 4 0 0
104 24 0 0 12 0 0 0 0 0
110 4 0 0 2 0 0 0 0 0
111 2 0 0 0 0 0 0 0 0
112 6 0 0 2 0 0 0 0 0
113 4 0 0 0 0 0 0 0 0
115 4 0 0 0 0 0 0 0 0
120 4 1 1 0 0 0 0 0 0
123 4 0 0 0 0 0 0 0 0
131 14 0 0 0 0 0 6 0 0
132 4 0 0 4 0 0 0 0 0
137 4 0 0 0 0 0 0 0 0
141 8 0 0 0 0 0 1 0 0
144 2 0 0 0 0 0 0 0 0
149 6 1 1 0 0 0 0 0 0
fl=/build/glibc-eX1tMB/glibc-2.31/elf/./setup-vdso.h
fn=dl_main
24 2 0 0 1 0 0 0 0 0
fl=/build/glibc-eX1tMB/glibc-2.31/elf/dl-addr.c
fn=_dl_addr
30 4 0 0 2 0 0 1 0 0
34 2 0 0 1 0 0 0 0 0
38 1 0 0 1 0 0 0 0 0
39 1 0 0 1 0 0 0 0 0
40 3 0 0 2 0 0 1 0 0
42 3 1 1 2 0 0 1 0 0
44 4 0 0 0 0 0 0 0 0
45 3 0 0 1 1 0 0 0 0
49 4048 0 0 2 0 0 0 0 0
51 1011 1 1 1011 57 17 0 0 0
52 2022 0 0 0 0 0 0 0 0
54 2757 0 0 919 0 0 0 0 0
60 7065 2 2 0 0 0 0 0 0
61 14130 0 0 2355 507 457 0 0 0
63 7034 0 0 0 0 0 0 0 0
64 9296 0 0 2324 0 0 0 0 0
65 16957 1 1 5311 368 343 0 0 0
70 7065 0 0 2355 141 83 0 0 0
100 2 0 0 0 0 0 0 0 0
101 1 0 0 0 0 0 1 1 0
102 3 0 0 1 1 0 0 0 0
105 2 1 1 0 0 0 0 0 0
117 3 1 1 0 0 0 1 1 0
126 12 1 1 0 0 0 7 1 0
128 1 0 0 0 0 0 0 0 0
131 3 0 0 2 1 0 1 1 0
133 2 0 0 0 0 0 1 0 0
135 2 1 1 0 0 0 0 0 0
138 1 0 0 0 0 0 0 0 0
141 2 0 0 1 1 0 1 1 0
144 9 1 1 7 0 0 0 0 0
fl=/build/glibc-eX1tMB/glibc-2.31/elf/dl-cache.c
fn=_dl_cache_libcmp
141 10 1 1 0 0 0 0 0 0
142 122 0 0 20 9 9 0 0 0
144 200 0 0 0 0 0 0 0 0
146 2 0 0 0 0 0 0 0 0
152 3 0 0 0 0 0 0 0 0
153 3 0 0 0 0 0 0 0 0
154 4 1 1 1 0 0 0 0 0
156 4 0 0 1 0 0 0 0 0
158 2 0 0 0 0 0 0 0 0
164 98 0 0 0 0 0 0 0 0
166 98 0 0 0 0 0 0 0 0
167 18 0 0 9 0 0 0 0 0
170 40 0 0 0 0 0 0 0 0
171 120 1 1 80 0 0 0 0 0
174 3 0 0 1 0 0 0 0 0
fn=_dl_load_cache_lookup
187 10 2 2 0 0 0 6 0 0
195 2 0 0 1 0 0 0 0 0
198 3 0 0 1 0 0 0 0 0
201 5 1 1 0 0 0 1 1 1
209 5 0 0 1 0 0 0 0 0
210 8 1 1 3 1 1 0 0 0
213 1 0 0 1 0 0 0 0 0
218 1 1 1 0 0 0 1 0 0
219 2 1 1 0 0 0 1 0 0
270 5 1 1 1 0 0 1 1 1
279 1 0 0 0 0 0 0 0 0
281 1 0 0 1 0 0 0 0 0
285 6 1 1 1 0 0 2 0 0
293 6 0 0 3 0 0 2 0 0
294 3 0 0 1 0 0 0 0 0
308 210 6 6 41 8 8 14 0 0
320 7 1 1 2 0 0 0 0 0
324 2 1 1 1 0 0 0 0 0
328 2 0 0 0 0 0 0 0 0
336 19 2 2 1 0 0 1 0 0
337 4 0 0 0 0 0 1 0 0
338 1 1 1 0 0 0 1 0 0
339 8 0 0 7 0 0 0 0 0
fn=_dl_unload_cache
348 2 1 1 0 0 0 0 0 0
349 4 0 0 1 1 0 0 0 0
351 2 0 0 1 0 0 1 0 0
352 1 0 0 0 0 0 1 0 0
354 2 0 0 1 0 0 0 0 0
fl=/build/glibc-eX1tMB/glibc-2.31/elf/dl-debug.c
fn=_dl_debug_initialize
46 4 1 1 0 0 0 0 0 0
49 8 0 0 0 0 0 0 0 0
50 4 1 1 4 0 0 0 0 0
54 14 0 0 4 2 1 0 0 0
57 1 0 0 0 0 0 1 0 0
58 6 0 0 3 0 0 1 0 0
59 5 1 1 1 0 0 1 0 0
60 2 0 0 0 0 0 1 0 0
64 1 0 0 1 0 0 0 0 0
fn=_dl_debug_state
73 2 0 0 0 0 0 0 0 0
74 2 0 0 2 0 0 0 0 0
fl=/build/glibc-eX1tMB/glibc-2.31/elf/dl-deps.c
fn=_dl_map_object_deps
144 3 0 0 0 0 0 2 0 0
145 6 0 0 1 0 0 2 1 1
146 8 1 1 0 0 0 1 0 0
148 3 0 0 0 0 0 1 0 0
152 9 1 1 2 0 0 3 1 1
159 12 2 2 0 0 0 9 1 1
160 21 2 2 1 1 1 0 0 0
176 10 1 1 1 0 0 1 0 0
177 1 0 0 1 0 0 0 0 0
180 1 0 0 0 0 0 1 0 0
198 2 0 0 1 0 0 1 0 0
199 3 0 0 1 0 0 1 0 0
200 2 0 0 0 0 0 2 0 0
202 10 0 0 6 0 0 0 0 0
206 4 0 0 0 0 0 0 0 0
209 4 0 0 0 0 0 4 0 0
213 16 1 1 4 0 0 4 0 0
214 25 2 2 11 0 0 0 0 0
217 6 0 0 0 0 0 0 0 0
221 6 1 1 2 0 0 2 0 0
224 16 0 0 8 2 2 0 0 0
226 6 1 1 4 0 0 2 0 0
231 2 0 0 0 0 0 2 0 0
232 2 0 0 0 0 0 2 0 0
233 4 0 0 2 0 0 2 0 0
234 4 0 0 2 0 0 2 0 0
237 216 2 2 57 0 0 2 0 0
238 104 0 0 0 0 0 0 0 0
244 18 2 2 4 0 0 2 0 0
246 2 0 0 0 0 0 2 0 0
248 8 2 2 4 0 0 2 0 0
249 4 0 0 2 0 0 0 0 0
258 2 0 0 2 0 0 0 0 0
260 4 0 0 2 0 0 0 0 0
265 14 1 1 2 0 0 0 0 0
268 2 0 0 0 0 0 2 0 0
269 2 0 0 0 0 0 2 0 0
270 2 1 1 0 0 0 2 0 0
271 4 0 0 2 0 0 2 0 0
273 2 0 0 2 0 0 0 0 0
275 10 0 0 2 0 0 4 0 0
279 6 0 0 2 0 0 0 0 0
280 3 0 0 0 0 0 1 0 0
282 147 0 0 0 0 0 0 0 0
287 1 0 0 0 0 0 1 0 0
303 8 0 0 0 0 0 4 0 0
380 6 1 1 0 0 0 3 0 0
433 12 1 1 4 0 0 0 0 0
435 6 0 0 0 0 0 2 1 1
438 8 0 0 0 0 0 2 0 0
439 4 0 0 0 0 0 0 0 0
445 2 0 0 0 0 0 2 0 0
446 10 0 0 2 0 0 2 0 0
447 10 0 0 0 0 0 2 0 0
450 2 0 0 0 0 0 2 0 0
451 2 0 0 2 0 0 0 0 0
455 16 1 1 8 0 0 0 0 0
457 4 1 1 4 0 0 0 0 0
458 17 0 0 3 0 0 0 0 0
464 6 0 0 2 0 0 0 0 0
465 1 0 0 0 0 0 1 0 0
468 5 1 1 2 0 0 1 0 0
479 5 0 0 1 0 0 1 0 0
481 2 1 1 0 0 0 0 0 0
486 6 0 0 3 0 0 1 0 0
487 1 0 0 0 0 0 1 0 0
489 16 0 0 4 0 0 0 0 0
491 4 1 1 4 0 0 0 0 0
495 12 0 0 0 0 0 4 1 1
499 8 0 0 8 0 0 0 0 0
502 2 0 0 1 0 0 0 0 0
553 3 0 0 2 0 0 0 0 0
554 1 0 0 0 0 0 0 0 0
555 3 1 1 1 0 0 0 0 0
590 5 1 1 0 0 0 1 0 0
594 5 1 1 0 0 0 1 0 0
597 1 0 0 0 0 0 1 0 0
599 2 0 0 1 0 0 1 0 0
600 1 0 0 1 0 0 0 0 0
601 2 0 0 0 0 0 0 0 0
608 3 0 0 1 0 0 0 0 0
611 3 0 0 1 0 0 0 0 0
614 8 0 0 7 0 0 0 0 0
fn=openaux
61 6 1 1 0 0 0 2 0 0
64 22 0 0 8 0 0 4 0 0
65 2 0 0 2 0 0 0 0 0
68 2 0 0 2 0 0 0 0 0
69 4 0 0 4 0 0 0 0 0
fl=/build/glibc-eX1tMB/glibc-2.31/elf/dl-environ.c
fn=_dl_next_ld_env_entry
28 2 1 1 0 0 0 0 0 0
29 2 0 0 2 0 0 0 0 0
32 226 0 0 75 0 0 0 0 0
34 148 1 1 74 0 0 0 0 0
35 16 0 0 8 0 0 0 0 0
37 1 0 0 0 0 0 0 0 0
40 2 0 0 0 0 0 1 0 0
42 1 0 0 1 0 0 0 0 0
45 73 0 0 0 0 0 0 0 0
49 1 0 0 1 0 0 0 0 0
fl=/build/glibc-eX1tMB/glibc-2.31/elf/dl-error-skeleton.c
fn=_dl_catch_error
225 10 2 2 0 0 0 3 0 0
227 2 0 0 0 0 0 1 0 0
228 2 0 0 1 0 0 1 0 0
229 2 0 0 1 0 0 1 0 0
230 2 0 0 1 0 0 1 0 0
232 5 0 0 4 0 0 0 0 0
fn=_dl_catch_exception
175 24 1 1 3 0 0 15 3 3
178 6 0 0 0 0 0 0 0 0
199 3 0 0 0 0 0 3 0 0
200 6 1 1 0 0 0 3 0 0
203 6 0 0 0 0 0 3 0 0
206 21 0 0 0 0 0 3 1 1
208 9 0 0 6 0 0 3 0 0
209 6 0 0 3 0 0 3 0 0
210 12 1 1 3 0 0 6 0 0
219 12 0 0 6 0 0 0 0 0
fn=_dl_receive_error
238 6 1 1 0 0 0 2 0 0
239 1 0 0 1 0 0 0 0 0
240 1 0 0 1 0 0 0 0 0
243 1 0 0 0 0 0 1 0 0
244 1 0 0 0 0 0 1 0 0
246 1 0 0 0 0 0 1 0 0
248 1 0 0 0 0 0 1 0 0
249 1 0 0 0 0 0 1 0 0
250 4 1 1 3 0 0 0 0 0
fl=/build/glibc-eX1tMB/glibc-2.31/elf/dl-fini.c
fn=_dl_fini
30 9 1 1 0 0 0 6 1 1
47 6 1 1 0 0 0 1 0 0
50 7 0 0 1 1 1 0 0 0
53 2 1 1 1 1 1 1 0 0
55 1 0 0 1 1 1 0 0 0
58 2 0 0 0 0 0 0 0 0
60 6 0 0 3 1 1 0 0 0
65 1 0 0 0 0 0 1 0 0
68 17 1 1 1 0 0 0 0 0
73 14 2 2 4 1 1 0 0 0
75 8 0 0 4 4 4 0 0 0
77 8 0 0 0 0 0 0 0 0
79 8 0 0 0 0 0 4 0 0
80 4 0 0 0 0 0 4 4 4
81 4 0 0 0 0 0 0 0 0
85 4 0 0 4 3 3 0 0 0
87 6 0 0 0 0 0 0 0 0
88 6 0 0 0 0 0 0 0 0
94 10 2 2 0 0 0 1 0 0
104 2 0 0 1 0 0 1 0 0
109 20 0 0 5 0 0 1 0 0
111 4 0 0 4 0 0 0 0 0
113 12 1 1 4 0 0 0 0 0
116 8 0 0 0 0 0 4 0 0
119 12 0 0 4 4 4 0 0 0
120 6 1 1 2 2 2 0 0 0
123 4 0 0 2 1 1 0 0 0
134 8 0 0 4 2 2 2 0 0
135 2 0 0 2 1 1 0 0 0
136 4 1 1 2 2 2 0 0 0
137 20 0 0 4 2 2 0 0 0
138 2 0 0 2 2 2 2 0 0
142 4 0 0 0 0 0 0 0 0
143 6 0 0 4 0 0 2 0 0
149 24 1 1 8 1 1 0 0 0
168 4 0 0 4 0 0 0 0 0
174 6 1 1 2 0 0 0 0 0
180 2 0 0 1 0 0 0 0 0
187 8 0 0 7 0 0 0 0 0
fl=/build/glibc-eX1tMB/glibc-2.31/elf/dl-hwcaps.c
fn=_dl_important_hwcaps
42 14 1 1 0 0 0 10 2 2
43 8 1 1 1 0 0 3 0 0
45 2 0 0 1 0 0 1 0 0
46 3 1 1 0 0 0 0 0 0
55 17 1 1 0 0 0 0 0 0
56 8 0 0 2 0 0 2 1 1
57 1 0 0 0 0 0 0 0 0
65 3 0 0 1 0 0 0 0 0
148 19 2 2 1 0 0 0 0 0
149 1 0 0 0 0 0 0 0 0
185 12 2 2 1 0 0 0 0 0
186 10 0 0 2 0 0 2 1 1
188 1 0 0 0 0 0 1 1 1
189 2 0 0 0 0 0 2 0 0
190 13 0 0 1 0 0 1 0 0
193 3 1 1 1 0 0 0 0 0
195 1 0 0 0 0 0 1 0 0
196 2 0 0 1 0 0 1 0 0
197 4 0 0 0 0 0 0 0 0
200 2 1 1 0 0 0 1 0 0
201 1 0 0 0 0 0 1 0 0
204 2 0 0 0 0 0 0 0 0
207 5 0 0 1 0 0 1 0 0
211 7 1 1 1 0 0 2 0 0
212 2 0 0 0 0 0 0 0 0
214 2 0 0 0 0 0 0 0 0
215 8 1 1 0 0 0 0 0 0
216 3 1 1 1 0 0 0 0 0
217 4 1 1 0 0 0 0 0 0
224 2 1 1 0 0 0 0 0 0
230 11 1 1 1 0 0 5 1 1
231 5 0 0 0 0 0 1 0 0
232 5 0 0 2 0 0 0 0 0
263 10 1 1 0 0 0 3 1 1
266 4 0 0 0 0 0 2 0 0
273 3 0 0 2 0 0 0 0 0
276 2 0 0 0 0 0 0 0 0
279 12 0 0 4 0 0 4 0 0
282 11 0 0 3 0 0 0 0 0
283 21 2 2 1 0 0 4 0 0
284 7 0 0 2 0 0 2 0 0
287 10 1 1 2 0 0 4 0 0
289 6 0 0 2 0 0 0 0 0
294 28 1 1 2 0 0 0 0 0
295 24 0 0 0 0 0 8 1 1
299 21 0 0 0 0 0 0 0 0
302 24 0 0 0 0 0 0 0 0
303 96 1 1 0 0 0 0 0 0
304 48 0 0 24 0 0 12 0 0
306 9 0 0 0 0 0 0 0 0
309 3 0 0 1 0 0 0 0 0
310 2 0 0 0 0 0 0 0 0
311 19 2 2 2 0 0 0 0 0
313 6 0 0 0 0 0 0 0 0
314 2 0 0 2 0 0 0 0 0
316 1 0 0 1 0 0 0 0 0
317 4 0 0 0 0 0 2 0 0
324 18 1 1 6 0 0 4 0 0
325 4 0 0 0 0 0 0 0 0
327 8 0 0 0 0 0 0 0 0
330 3 0 0 2 0 0 1 0 0
333 9 1 1 7 0 0 0 0 0
fl=/build/glibc-eX1tMB/glibc-2.31/elf/dl-init.c
fn=_dl_init
30 23 3 3 5 0 0 4 0 0
79 12 1 1 0 0 0 6 0 0
80 1 0 0 1 1 0 0 0 0
81 1 0 0 1 0 0 0 0 0
84 3 1 1 1 0 0 0 0 0
87 2 0 0 0 0 0 1 0 0
92 2 0 0 0 0 0 0 0 0
117 1 0 0 1 0 0 0 0 0
118 17 0 0 0 0 0 0 0 0
119 8 0 0 8 1 0 0 0 0
125 8 0 0 7 0 0 0 0 0
fn=call_init.part.0
28 36 1 1 0 0 0 20 0 0
36 12 1 1 4 0 0 4 0 0
39 16 0 0 8 3 0 0 0 0
40 3 1 1 0 0 0 0 0 0
44 9 0 0 3 3 0 0 0 0
45 3 0 0 1 0 0 0 0 0
49 4 0 0 2 0 0 0 0 0
58 14 1 1 6 2 0 2 0 0
62 4 0 0 0 0 0 0 0 0
68 6 0 0 4 0 0 0 0 0
70 4 0 0 4 1 0 0 0 0
71 19 0 0 0 0 0 0 0 0
72 12 1 1 3 0 0 3 0 0
74 24 0 0 24 0 0 0 0 0
fl=/build/glibc-eX1tMB/glibc-2.31/elf/dl-load.c
fn=_dl_dst_count
231 12 1 1 0 0 0 10 1 1
234 4 0 0 0 0 0 2 0 0
237 4 0 0 0 0 0 0 0 0
238 2 0 0 0 0 0 0 0 0
257 14 1 1 12 0 0 0 0 0
fn=_dl_init_paths
681 10 1 1 0 0 0 7 0 0
694 6 1 1 2 0 0 2 0 0
698 1 0 0 0 0 0 1 0 0
699 2 0 0 0 0 0 1 0 0
700 2 0 0 0 0 0 0 0 0
707 5 0 0 0 0 0 0 0 0
708 4 1 1 1 0 0 1 0 0
711 6 0 0 0 0 0 2 0 0
713 2 0 0 0 0 0 0 0 0
719 1 1 1 0 0 0 1 0 0
720 1 0 0 0 0 0 1 0 0
728 11 1 1 0 0 0 3 0 0
730 8 1 1 0 0 0 4 2 2
731 4 0 0 0 0 0 4 1 1
733 5 0 0 0 0 0 4 0 0
734 7 0 0 3 1 1 4 1 1
735 7 1 1 0 0 0 0 0 0
738 6 0 0 3 1 1 0 0 0
739 24 0 0 4 0 0 4 0 0
742 26 0 0 6 0 0 6 0 0
748 1 0 0 0 0 0 1 0 0
749 1 0 0 0 0 0 1 0 0
753 1 0 0 1 0 0 0 0 0
754 2 0 0 0 0 0 0 0 0
756 4 1 1 1 0 0 0 0 0
758 3 0 0 1 0 0 0 0 0
775 1 1 1 0 0 0 1 0 0
777 3 1 1 1 0 0 0 0 0
791 2 1 1 0 0 0 1 0 0
796 3 0 0 1 0 0 0 0 0
827 1 0 0 0 0 0 1 0 0
828 8 0 0 7 0 0 0 0 0
fn=_dl_map_object
659 9 2 2 3 0 0 0 0 0
1927 30 1 1 0 0 0 24 4 4
1929 2 0 0 0 0 0 2 0 0
1935 6 1 1 0 0 0 0 0 0
1936 12 0 0 3 1 1 0 0 0
1939 42 0 0 9 0 0 0 0 0
1944 49 1 1 7 0 0 0 0 0
1946 35 0 0 0 0 0 7 1 1
1950 12 0 0 6 0 0 0 0 0
1951 18 1 1 6 0 0 0 0 0
1954 2 0 0 2 0 0 0 0 0
1955 4 0 0 4 0 0 0 0 0
1956 8 0 0 0 0 0 2 0 0
1972 12 1 1 2 0 0 2 1 1
1982 6 0 0 2 0 0 0 0 0
2016 2 0 0 0 0 0 2 1 1
2018 10 1 1 0 0 0 2 0 0
2022 4 2 2 0 0 0 2 0 0
2024 2 0 0 1 0 0 0 0 0
2031 4 0 0 1 0 0 0 0 0
2035 5 1 1 2 0 0 3 0 0
2040 3 1 1 1 0 0 0 0 0
2041 1 0 0 0 0 0 0 0 0
2043 4 0 0 0 0 0 1 0 0
2055 4 2 2 3 0 0 0 0 0
2056 8 0 0 2 0 0 1 0 0
2057 1 0 0 0 0 0 0 0 0
2066 2 1 1 1 0 0 0 0 0
2073 2 1 1 0 0 0 0 0 0
2074 1 1 1 0 0 0 0 0 0
2082 1 0 0 0 0 0 1 0 0
2096 2 0 0 0 0 0 0 0 0
2098 3 1 1 1 0 0 0 0 0
2102 3 0 0 0 0 0 1 0 0
2104 2 0 0 0 0 0 0 0 0
2108 2 0 0 0 0 0 0 0 0
2116 3 0 0 1 0 0 0 0 0
2139 7 1 1 0 0 0 2 0 0
2143 3 0 0 1 0 0 0 0 0
2144 2 0 0 0 0 0 1 0 0
2161 2 1 1 1 0 0 0 0 0
2167 1 0 0 0 0 0 1 1 1
2168 4 0 0 0 0 0 1 0 0
2169 2 0 0 0 0 0 0 0 0
2170 3 0 0 0 0 0 0 0 0
2174 5 1 1 0 0 0 1 0 0
2177 2 0 0 0 0 0 0 0 0
2189 8 0 0 2 0 0 0 0 0
2191 4 0 0 0 0 0 0 0 0
2235 4 0 0 2 0 0 2 0 0
2236 30 1 1 6 0 0 10 0 0
2238 27 0 0 21 0 0 0 0 0
fn=_dl_map_object_from_fd
866 28 1 1 0 0 0 22 2 2
876 8 1 1 2 0 0 4 1 1
877 2 0 0 0 0 0 2 0 0
883 8 0 0 2 0 0 2 0 0
901 29 1 1 9 0 0 0 0 0
902 10 1 1 5 0 0 0 0 0
920 4 1 1 2 0 0 0 0 0
944 8 1 1 2 0 0 2 0 0
954 4 0 0 2 0 0 0 0 0
961 8 0 0 4 0 0 0 0 0
994 4 0 0 0 0 0 0 0 0
997 16 1 1 10 0 0 2 0 0
998 4 0 0 0 0 0 0 0 0
1009 6 0 0 4 0 0 2 1 1
1010 8 0 0 4 0 0 4 0 0
1011 4 0 0 2 0 0 2 0 0
1013 6 0 0 0 0 0 0 0 0
1014 8 0 0 4 0 0 0 0 0
1015 2 1 1 0 0 0 0 0 0
1018 17 3 3 1 0 0 0 0 0
1019 6 0 0 1 0 0 1 1 1
1030 4 0 0 0 0 0 2 0 0
1032 2 1 1 0 0 0 2 0 0
1034 42 1 1 4 0 0 4 0 0
1035 2 0 0 0 0 0 0 0 0
1036 2 0 0 0 0 0 2 0 0
1042 136 1 1 0 0 0 0 0 0
1043 185 3 2 35 2 2 0 0 0
1049 4 1 1 2 0 0 0 0 0
1054 4 0 0 2 0 0 2 0 0
1055 8 0 0 2 0 0 2 0 0
1060 2 0 0 1 0 0 1 0 0
1061 1 0 0 0 0 0 0 0 0
1066 30 2 2 12 0 0 0 0 0
1071 42 0 0 12 0 0 0 0 0
1079 18 0 0 0 0 0 0 0 0
1080 36 0 0 6 0 0 6 1 1
1081 60 1 1 12 0 0 6 0 0
1082 12 0 0 6 0 0 6 0 0
1084 12 0 0 0 0 0 6 1 1
1088 12 1 1 0 0 0 0 0 0
1089 24 0 0 12 0 0 4 0 0
1093 12 0 0 0 0 0 0 0 0
1094 48 1 1 12 0 0 6 0 0
1107 3 0 0 1 0 0 0 0 0
1111 1 0 0 0 0 0 1 1 1
1112 2 1 1 1 0 0 1 1 1
1113 1 0 0 1 0 0 0 0 0
1116 5 0 0 0 0 0 1 0 0
1117 2 0 0 1 0 0 1 0 0
1120 1 0 0 0 0 0 1 0 0
1125 4 1 1 1 0 0 0 0 0
1132 8 0 0 2 0 0 2 0 0
1140 4 1 1 2 0 0 2 0 0
1141 2 0 0 0 0 0 0 0 0
1144 8 0 0 4 0 0 2 0 0
1146 2 0 0 0 0 0 0 0 0
1149 27 1 1 9 0 0 3 0 0
1157 4 0 0 0 0 0 0 0 0
1170 4 1 1 0 0 0 0 0 0
1180 18 1 1 8 0 0 2 0 0
1192 8 1 1 4 0 0 0 0 0
1201 6 0 0 2 0 0 2 0 0
1208 4 0 0 0 0 0 0 0 0
1210 4 0 0 0 0 0 0 0 0
1229 6 1 1 2 0 0 0 0 0
1248 4 0 0 2 0 0 2 0 0
1250 10 0 0 4 0 0 0 0 0
1298 6 1 1 2 1 1 0 0 0
1299 2 0 0 1 0 0 1 0 0
1302 8 0 0 2 0 0 2 0 0
1311 4 0 0 2 0 0 0 0 0
1313 8 1 1 4 0 0 2 0 0
1315 4 0 0 2 0 0 0 0 0
1331 4 0 0 0 0 0 2 0 0
1335 4 0 0 2 0 0 0 0 0
1336 4 0 0 2 0 0 0 0 0
1353 4 1 1 2 0 0 0 0 0
1354 2 0 0 0 0 0 1 0 0
1357 4 0 0 2 0 0 2 0 0
1362 4 0 0 2 0 0 0 0 0
1372 4 1 1 2 0 0 0 0 0
1381 4 0 0 2 0 0 0 0 0
1382 4 0 0 1 0 0 0 0 0
1387 2 0 0 0 0 0 2 0 0
1394 6 0 0 2 0 0 2 0 0
1398 6 1 1 2 0 0 0 0 0
1417 18 1 1 14 0 0 0 0 0
fn=expand_dynamic_string_token
234 3 0 0 0 0 0 1 0 0
237 2 0 0 0 0 0 0 0 0
378 9 1 1 0 0 0 6 1 1
392 2 0 0 0 0 0 0 0 0
403 7 1 1 6 0 0 0 0 0
fn=open_verify.constprop.0
1466 11 1 1 0 0 0 6 0 0
1505 3 0 0 1 0 0 0 0 0
1536 5 0 0 0 0 0 1 0 0
1538 2 1 1 0 0 0 0 0 0
1543 2 0 0 0 0 0 0 0 0
1549 3 0 0 0 0 0 1 0 0
1550 2 0 0 0 0 0 2 0 0
1555 6 0 0 1 0 0 1 0 0
1557 2 1 1 0 0 0 0 0 0
1559 3 0 0 1 0 0 1 0 0
1561 2 0 0 0 0 0 0 0 0
1567 2 0 0 0 0 0 0 0 0
1583 19 3 3 9 0 0 0 0 0
1657 2 0 0 1 0 0 0 0 0
1662 2 0 0 1 0 0 0 0 0
1664 4 1 1 1 0 0 0 0 0
1670 2 0 0 1 1 1 0 0 0
1676 5 0 0 1 0 0 0 0 0
1677 4 1 1 1 0 0 0 0 0
1681 16 2 2 1 0 0 0 0 0
1682 13 1 1 2 0 0 2 1 1
1698 52 0 0 0 0 0 0 0 0
1699 24 1 1 11 8 8 0 0 0
1700 8 0 0 2 0 0 0 0 0
1704 8 0 0 4 0 0 0 0 0
1710 4 0 0 0 0 0 0 0 0
1711 32 2 2 2 0 0 0 0 0
1721 26 0 0 6 0 0 8 1 1
1729 18 1 1 12 1 1 0 0 0
1731 2 0 0 0 0 0 0 0 0
1732 18 1 1 6 0 0 0 0 0
1735 6 0 0 0 0 0 0 0 0
1740 1 0 0 0 0 0 0 0 0
1741 4 0 0 1 0 0 0 0 0
1744 2 0 0 0 0 0 0 0 0
1747 2 0 0 1 0 0 0 0 0
1748 4 1 1 1 0 0 0 0 0
1749 1 0 0 1 0 0 0 0 0
1750 3 0 0 1 0 0 0 0 0
1751 5 0 0 1 0 0 0 0 0
1761 3 0 0 0 0 0 1 0 0
1765 9 1 1 7 0 0 0 0 0
fn=open_verify.constprop.1
1466 11 1 1 0 0 0 6 0 0
1536 4 0 0 0 0 0 1 0 0
1538 2 0 0 0 0 0 0 0 0
1543 2 0 0 0 0 0 0 0 0
1549 3 1 1 0 0 0 1 0 0
1550 2 0 0 0 0 0 2 0 0
1555 6 0 0 1 0 0 1 0 0
1557 2 0 0 0 0 0 0 0 0
1559 3 0 0 1 0 0 1 0 0
1561 2 0 0 0 0 0 0 0 0
1567 2 1 1 0 0 0 0 0 0
1583 16 2 2 8 0 0 0 0 0
1657 2 0 0 1 0 0 0 0 0
1662 2 0 0 1 0 0 0 0 0
1664 4 0 0 1 0 0 0 0 0
1670 2 0 0 1 1 1 0 0 0
1676 5 0 0 1 0 0 0 0 0
1677 4 1 1 1 0 0 0 0 0
1678 2 0 0 1 0 0 0 0 0
1698 46 0 0 0 0 0 0 0 0
1699 17 1 1 8 5 5 0 0 0
1700 4 0 0 1 0 0 0 0 0
1704 4 1 1 2 0 0 0 0 0
1705 3 1 1 1 0 0 0 0 0
1721 2 1 1 0 0 0 0 0 0
1729 6 0 0 4 2 2 0 0 0
1731 1 0 0 0 0 0 0 0 0
1732 9 1 1 3 0 0 0 0 0
1735 3 0 0 0 0 0 0 0 0
1741 2 1 1 1 0 0 0 0 0
1761 2 0 0 0 0 0 1 0 0
1765 9 0 0 7 0 0 0 0 0
fl=/build/glibc-eX1tMB/glibc-2.31/elf/dl-lookup.c
fn=_dl_lookup_symbol_x
581 196 0 0 0 0 0 0 0 0
582 6086 0 0 1497 87 83 0 0 0
583 5596 0 0 0 0 0 0 0 0
841 1372 2 2 0 0 0 980 7 1
843 196 0 0 0 0 0 98 2 0
844 196 1 1 0 0 0 98 0 0
847 98 0 0 98 2 0 0 0 0
851 368 0 0 184 0 0 0 0 0
853 588 0 0 98 0 0 98 0 0
854 490 0 0 392 3 0 0 0 0
860 256 1 1 20 0 0 0 0 0
861 1656 1 1 578 0 0 686 3 0
866 196 1 1 98 0 0 0 0 0
868 60 2 2 10 0 0 0 0 0
885 10 1 1 0 0 0 10 0 0
886 20 0 0 0 0 0 0 0 0
890 704 0 0 176 0 0 0 0 0
930 352 0 0 88 0 0 0 0 0
944 264 0 0 88 3 1 0 0 0
945 2 1 1 0 0 0 1 0 0
947 352 1 1 176 0 0 0 0 0
952 88 0 0 0 0 0 88 0 0
954 882 0 0 686 0 0 0 0 0
fn=_dl_setup_hash
961 4 1 1 0 0 0 0 0 0
964 12 0 0 4 0 0 0 0 0
966 4 0 0 4 0 0 0 0 0
968 8 0 0 4 4 4 4 1 1
969 4 1 1 4 0 0 0 0 0
970 4 0 0 4 0 0 0 0 0
972 12 0 0 0 0 0 0 0 0
973 4 0 0 0 0 0 4 0 0
974 12 0 0 4 0 0 4 0 0
976 4 0 0 0 0 0 4 0 0
977 8 0 0 0 0 0 0 0 0
979 4 0 0 0 0 0 4 0 0
981 12 1 1 0 0 0 4 0 0
986 4 0 0 4 0 0 0 0 0
fn=check_match
75 1170 2 2 270 21 19 450 3 1
78 540 0 0 90 11 10 0 0 0
91 528 1 1 0 0 0 0 0 0
94 320 0 0 48 0 0 24 0 0
98 88 0 0 88 0 0 0 0 0
99 176 0 0 0 0 0 0 0 0
101 172 0 0 0 0 0 0 0 0
120 172 0 0 172 12 7 0 0 0
121 688 1 1 258 5 0 0 0 0
122 430 1 1 172 3 0 86 0 0
149 4 0 0 0 0 0 0 0 0
151 12 1 1 4 1 1 0 0 0
152 8 0 0 0 0 0 0 0 0
160 92 0 0 0 0 0 0 0 0
167 540 0 0 540 0 0 0 0 0
fn=do_lookup_x
294 616 1 1 440 0 0 0 0 0
325 42 1 1 35 0 0 0 0 0
368 1372 1 1 196 0 0 980 9 2
369 98 0 0 98 2 0 0 0 0
375 98 0 0 98 0 0 0 0 0
379 622 1 1 622 9 0 0 0 0
382 622 0 0 0 0 0 0 0 0
386 916 0 0 98 0 0 98 0 0
390 622 0 0 311 7 0 0 0 0
394 622 0 0 311 2 0 0 0 0
400 933 0 0 311 2 0 0 0 0
404 311 1 1 0 0 0 311 0 0
405 311 0 0 0 0 0 311 0 0
408 933 0 0 622 14 0 311 0 0
409 933 0 0 622 3 0 311 0 0
412 311 0 0 311 0 0 0 0 0
413 622 0 0 0 0 0 0 0 0
415 311 0 0 311 42 32 0 0 0
416 196 0 0 0 0 0 98 0 0
417 622 0 0 622 0 0 0 0 0
420 1555 0 0 622 0 0 0 0 0
423 2177 0 0 0 0 0 0 0 0
426 190 1 1 190 50 47 0 0 0
427 285 1 1 0 0 0 0 0 0
428 190 0 0 0 0 0 0 0 0
430 190 0 0 95 0 0 0 0 0
433 935 0 0 187 71 67 0 0 0
435 270 1 1 90 0 0 0 0 0
436 2490 2 2 735 0 0 1110 3 1
437 180 0 0 0 0 0 0 0 0
440 274 0 0 2 0 0 0 0 0
443 297 0 0 0 0 0 0 0 0
451 490 1 1 0 0 0 98 0 0
474 14 2 2 7 0 0 0 0 0
482 176 1 1 88 0 0 0 0 0
533 176 0 0 0 0 0 0 0 0
536 660 0 0 88 0 0 0 0 0
540 33 1 1 11 1 0 0 0 0
552 440 0 0 88 0 0 88 0 0
554 176 0 0 0 0 0 0 0 0
571 669 0 0 0 0 0 0 0 0
574 10 0 0 0 0 0 0 0 0
575 784 0 0 686 0 0 0 0 0
fl=/build/glibc-eX1tMB/glibc-2.31/elf/dl-minimal.c
fn=calloc
92 16 2 1 0 0 0 0 0 0
96 8 0 0 0 0 0 0 0 0
99 16 1 1 0 0 0 0 0 0
100 40 0 0 0 0 0 0 0 0
103 8 0 0 0 0 0 0 0 0
fn=free
109 2 0 0 0 0 0 0 0 0
111 8 2 1 4 0 0 0 0 0
fn=malloc
49 95 1 1 0 0 0 38 0 0
50 76 0 0 38 0 0 0 0 0
55 3 0 0 0 0 0 1 0 0
56 2 1 1 1 0 0 0 0 0
57 2 0 0 0 0 0 0 0 0
61 57 1 1 0 0 0 19 0 0
64 129 0 0 0 0 0 0 0 0
69 4 1 1 1 0 0 0 0 0
70 4 0 0 0 0 0 0 0 0
72 1 0 0 0 0 0 0 0 0
73 8 0 0 0 0 0 1 0 0
75 2 0 0 0 0 0 0 0 0
77 2 0 0 1 0 0 0 0 0
79 4 0 0 0 0 0 1 0 0
82 19 0 0 0 0 0 19 0 0
83 19 0 0 0 0 0 19 0 0
85 76 0 0 57 0 0 0 0 0
fl=/build/glibc-eX1tMB/glibc-2.31/elf/dl-misc.c
fn=_dl_name_match_p
282 84 1 1 0 0 0 28 0 0
283 70 0 0 14 0 0 14 0 0
284 17 0 0 0 0 0 0 0 0
286 14 0 0 14 0 0 0 0 0
288 58 0 0 0 0 0 0 0 0
289 90 1 1 18 0 0 18 0 0
292 15 0 0 15 0 0 0 0 0
294 11 0 0 0 0 0 0 0 0
295 56 0 0 42 0 0 0 0 0
fn=_dl_sysdep_read_whole_file
44 9 2 2 0 0 0 4 0 0
47 3 0 0 0 0 0 1 1 1
48 2 0 0 0 0 0 0 0 0
50 7 0 0 0 0 0 1 0 0
52 2 0 0 1 1 1 1 0 0
55 2 1 1 0 0 0 0 0 0
57 8 0 0 0 0 0 1 0 0
68 3 0 0 0 0 0 1 0 0
71 7 0 0 5 0 0 0 0 0
fl=/build/glibc-eX1tMB/glibc-2.31/elf/dl-object.c
fn=_dl_add_to_namespace_list
31 18 1 1 0 0 0 9 0 0
33 9 1 1 3 0 0 3 1 1
35 20 0 0 3 0 0 0 0 0
38 20 0 0 5 0 0 0 0 0
40 2 0 0 0 0 0 2 0 0
42 2 0 0 0 0 0 2 0 0
45 2 1 1 0 0 0 1 0 0
46 9 0 0 3 0 0 0 0 0
47 6 0 0 3 0 0 3 0 0
48 6 0 0 0 0 0 3 0 0
50 6 0 0 3 0 0 0 0 0
51 9 0 0 9 0 0 0 0 0
fn=_dl_new_object
59 39 1 1 0 0 0 27 3 3
62 9 0 0 0 0 0 3 0 0
64 2 1 1 0 0 0 0 0 0
65 6 0 0 0 0 0 0 0 0
69 2 0 0 0 0 0 0 0 0
74 1 0 0 0 0 0 0 0 0
77 18 0 0 2 0 0 2 1 1
89 15 1 1 0 0 0 9 0 0
92 6 0 0 0 0 0 0 0 0
95 3 0 0 0 0 0 3 3 3
96 9 1 1 3 0 0 3 3 3
100 6 0 0 0 0 0 3 1 1
101 24 0 0 6 0 0 9 1 1
103 3 0 0 0 0 0 3 0 0
116 21 1 1 9 0 0 0 0 0
122 1 0 0 0 0 0 0 0 0
124 21 1 1 6 3 3 6 0 0
127 6 0 0 3 0 0 0 0 0
128 6 1 1 0 0 0 3 3 3
129 3 0 0 0 0 0 3 0 0
133 3 0 0 0 0 0 3 0 0
136 66 3 2 2 0 0 0 0 0
138 16 0 0 0 0 0 16 4 4
146 6 0 0 0 0 0 3 0 0
147 3 0 0 0 0 0 3 3 3
150 1 1 1 0 0 0 0 0 0
152 18 1 1 3 0 0 0 0 0
154 8 0 0 0 0 0 2 1 1
157 8 0 0 0 0 0 0 0 0
161 8 0 0 2 0 0 0 0 0
165 10 0 0 0 0 0 0 0 0
167 1 1 1 0 0 0 0 0 0
173 1 0 0 0 0 0 1 1 1
176 6 0 0 0 0 0 3 0 0
186 9 0 0 0 0 0 3 0 0
188 10 1 1 2 0 0 4 0 0
192 8 0 0 2 0 0 0 0 0
196 6 0 0 0 0 0 2 0 0
197 8 0 0 0 0 0 0 0 0
205 2 0 0 0 0 0 0 0 0
209 2 0 0 0 0 0 0 0 0
242 8 1 1 4 0 0 2 0 0
247 84 0 0 0 0 0 0 0 0
248 84 0 0 42 0 0 0 0 0
250 4 0 0 0 0 0 0 0 0
253 2 0 0 0 0 0 2 0 0
256 2 0 0 0 0 0 2 1 1
260 27 0 0 21 0 0 0 0 0
fl=/build/glibc-eX1tMB/glibc-2.31/elf/dl-open.c
fn=_dl_find_dso_for_object
201 9 1 1 0 0 0 4 0 0
205 3 0 0 1 0 0 0 0 0
206 10 0 0 3 0 0 0 0 0
207 12 1 1 6 1 0 0 0 0
208 2 0 0 1 0 0 0 0 0
211 2 1 1 1 0 0 0 0 0
215 7 0 0 5 0 0 0 0 0
fl=/build/glibc-eX1tMB/glibc-2.31/elf/dl-reloc.c
fn=_dl_relocate_object
148 52 1 1 0 0 0 32 0 0
158 6 0 0 0 0 0 0 0 0
159 12 1 1 0 0 0 8 0 0
163 8 1 1 0 0 0 0 0 0
164 20 0 0 4 1 0 4 0 0
170 8 0 0 4 0 0 0 0 0
176 20 1 1 8 0 0 0 0 0
177 8 1 1 4 3 0 0 0 0
180 9 0 0 0 0 0 0 0 0
187 16 0 0 4 0 0 4 0 0
227 12 1 1 8 0 0 4 0 0
255 188 4 4 80 13 0 28 0 0
258 16 1 1 4 0 0 0 0 0
282 4 0 0 4 0 0 0 0 0
285 8 0 0 4 0 0 0 0 0
302 12 0 0 4 3 0 0 0 0
304 32 0 0 28 1 0 0 0 0
310 24 1 1 12 1 0 0 0 0
313 8 0 0 0 0 0 0 0 0
317 8 1 1 0 0 0 0 0 0
318 24 0 0 0 0 0 4 0 0
fl=/build/glibc-eX1tMB/glibc-2.31/elf/dl-sort-maps.c
fn=_dl_sort_maps
28 26 1 1 0 0 0 20 0 0
30 4 0 0 0 0 0 0 0 0
33 8 2 2 0 0 0 2 0 0
34 40 4 4 2 1 1 2 0 0
35 26 0 0 4 0 0 8 0 0
39 36 0 0 12 0 0 12 0 0
40 18 0 0 12 0 0 0 0 0
42 12 0 0 6 0 0 0 0 0
46 12 2 2 6 0 0 0 0 0
54 48 2 2 18 0 0 0 0 0
56 18 0 0 12 1 1 0 0 0
57 12 0 0 0 0 0 0 0 0
59 18 2 2 6 2 2 0 0 0
60 12 2 2 0 0 0 0 0 0
90 21 1 1 3 0 0 0 0 0
115 30 0 0 10 0 0 0 0 0
118 36 4 4 4 0 0 4 0 0
122 16 0 0 14 0 0 0 0 0
fl=/build/glibc-eX1tMB/glibc-2.31/elf/dl-tunables.c
fn=__GI___tunables_init
67 375 1 1 75 0 0 0 0 0
70 148 1 1 0 0 0 0 0 0
73 6678 0 0 954 37 37 0 0 0
77 148 1 1 0 0 0 0 0 0
82 444 0 0 0 0 0 74 1 1
278 5 0 0 1 0 0 0 0 0
287 9 1 1 0 0 0 6 1 1
310 7696 1 1 0 0 0 0 0 0
316 9620 0 0 3848 0 0 0 0 0
328 296 0 0 74 0 0 0 0 0
362 8 0 0 7 0 0 0 0 0
fn=__tunable_get_val
368 20 2 1 0 0 0 0 0 0
371 194 0 0 20 11 0 0 0 0
380 23 1 0 20 4 0 3 0 0
390 17 1 1 0 0 0 17 0 0
391 17 0 0 0 0 0 0 0 0
397 100 0 0 20 1 0 0 0 0
399 20 0 0 20 0 0 0 0 0
fl=/build/glibc-eX1tMB/glibc-2.31/elf/dl-tunables.h
fn=__GI___tunables_init
119 5009 1 1 1470 9 9 0 0 0
120 2954 0 0 0 0 0 0 0 0
fl=/build/glibc-eX1tMB/glibc-2.31/elf/dl-version.c
fn=_dl_check_all_versions
362 6 1 1 0 0 0 4 0 0
364 2 0 0 0 0 0 0 0 0
366 17 0 0 4 0 0 0 0 0
368 40 1 1 4 0 0 4 0 0
371 7 0 0 5 0 0 0 0 0
fn=_dl_check_map_versions
37 24 0 0 4 0 0 0 0 0
38 5 0 0 5 0 0 0 0 0
39 35 1 1 0 0 0 7 0 0
57 15 0 0 10 0 0 5 0 0
65 15 0 0 5 0 0 0 0 0
71 15 1 1 5 0 0 0 0 0
87 5 0 0 5 1 0 0 0 0
88 10 0 0 0 0 0 0 0 0
90 5 0 0 5 0 0 0 0 0
95 75 0 0 25 4 4 10 0 0
109 50 0 0 25 1 1 0 0 0
111 5 1 1 5 0 0 0 0 0
114 42 1 1 12 1 1 5 0 0
121 60 1 1 20 2 2 0 0 0
125 20 0 0 0 0 0 0 0 0
143 10 1 1 0 0 0 6 0 0
156 40 1 1 0 0 0 32 0 0
157 4 0 0 0 0 0 4 0 0
165 4 0 0 0 0 0 0 0 0
171 12 0 0 4 0 0 0 0 0
173 8 0 0 4 0 0 4 0 0
175 8 1 1 4 0 0 4 0 0
176 12 0 0 4 0 0 4 0 0
178 8 0 0 0 0 0 0 0 0
181 6 0 0 4 0 0 2 0 0
185 14 1 1 4 2 2 0 0 0
201 4 0 0 4 0 0 0 0 0
209 6 0 0 2 0 0 0 0 0
210 2 1 1 0 0 0 0 0 0
214 6 0 0 4 0 0 0 0 0
218 55 1 1 41 0 0 0 0 0
220 5 0 0 5 0 0 0 0 0
222 13 0 0 5 2 2 5 0 0
225 20 1 1 5 0 0 0 0 0
228 15 0 0 5 0 0 0 0 0
233 3 0 0 0 0 0 0 0 0
237 8 0 0 4 0 0 0 0 0
251 13 0 0 4 0 0 0 0 0
254 8 0 0 6 0 0 0 0 0
257 148 0 0 37 8 8 0 0 0
260 111 0 0 37 4 4 0 0 0
264 35 0 0 0 0 0 0 0 0
268 6 1 1 0 0 0 0 0 0
273 3 0 0 0 0 0 3 1 0
274 15 2 2 0 0 0 3 0 0
275 6 0 0 0 0 0 0 0 0
285 3 0 0 0 0 0 3 0 0
288 9 0 0 6 0 0 3 0 0
290 9 1 1 3 0 0 0 0 0
293 8 0 0 6 0 0 0 0 0
297 6 0 0 2 0 0 0 0 0
300 15 1 1 5 0 0 0 0 0
302 20 0 0 0 0 0 0 0 0
304 25 0 0 5 0 0 5 0 0
305 15 0 0 0 0 0 5 2 2
306 15 0 0 5 0 0 5 1 1
307 15 0 0 5 0 0 5 0 0
310 15 0 0 5 0 0 0 0 0
315 3 0 0 0 0 0 0 0 0
318 6 1 1 2 0 0 0 0 0
328 9 0 0 3 0 0 0 0 0
331 8 0 0 6 0 0 0 0 0
335 35 0 0 35 0 0 0 0 0
337 74 1 1 37 0 0 0 0 0
341 35 0 0 35 0 0 0 0 0
342 175 0 0 35 0 0 35 11 11
343 105 0 0 35 0 0 35 0 0
344 35 0 0 0 0 0 35 4 4
347 111 0 0 37 0 0 0 0 0
351 35 0 0 0 0 0 0 0 0
357 36 0 0 32 0 0 0 0 0
fl=/build/glibc-eX1tMB/glibc-2.31/elf/do-rel.h
fn=_dl_relocate_object
47 24 0 0 8 0 0 8 0 0
48 8 0 0 8 1 0 0 0 0
50 5 0 0 0 0 0 3 0 0
51 6 1 1 0 0 0 5 1 0
58 24 0 0 8 0 0 0 0 0
61 143 0 0 0 0 0 0 0 0
63 188 1 1 47 17 17 0 0 0
65 121 1 1 0 0 0 0 0 0
74 2 0 0 0 0 0 0 0 0
75 128 0 0 1 0 0 0 0 0
76 80 0 0 40 0 0 0 0 0
83 14 0 0 7 0 0 7 0 0
84 7 1 1 7 0 0 0 0 0
86 21 0 0 7 0 0 0 0 0
98 21 0 0 0 0 0 0 0 0
108 10 0 0 0 0 0 0 0 0
111 3664 2 2 0 0 0 0 0 0
112 2434 0 0 1217 154 153 0 0 0
118 21 0 0 7 4 0 0 0 0
121 10 1 1 5 2 0 5 1 0
124 340 1 1 115 0 0 0 0 0
127 440 0 0 110 28 28 0 0 0
136 440 0 0 220 44 42 0 0 0
137 330 1 1 110 0 0 0 0 0
138 490 0 0 110 1 0 110 0 0
139 330 0 0 220 0 0 110 0 0
143 15 0 0 6 0 0 0 0 0
160 26 2 2 9 0 0 2 0 0
162 24 0 0 6 1 1 0 0 0
170 36 1 1 6 0 0 6 0 0
171 18 0 0 12 0 0 6 0 0
174 3 0 0 1 0 0 0 0 0
fn=_dl_start
83 1 0 0 1 0 0 0 0 0
84 1 0 0 1 0 0 0 0 0
111 129 0 0 0 0 0 0 0 0
112 84 0 0 42 6 6 0 0 0
116 2 0 0 1 0 0 0 0 0
124 29 0 0 0 0 0 0 0 0
136 27 1 1 9 2 2 0 0 0
137 18 0 0 0 0 0 0 0 0
139 18 0 0 9 0 0 0 0 0
fl=/build/glibc-eX1tMB/glibc-2.31/elf/get-dynamic-info.h
fn=_dl_map_object_from_fd
42 2 0 0 0 0 0 0 0 0
46 2 0 0 0 0 0 0 0 0
48 132 1 1 44 13 13 0 0 0
50 84 1 1 0 0 0 0 0 0
63 42 0 0 0 0 0 0 0 0
64 28 0 0 0 0 0 8 4 4
65 10 0 0 0 0 0 0 0 0
67 2 0 0 0 0 0 0 0 0
68 10 1 1 0 0 0 0 0 0
69 2 0 0 0 0 0 0 0 0
71 10 0 0 0 0 0 0 0 0
72 8 0 0 0 0 0 0 0 0
73 68 0 0 0 0 0 34 8 8
74 42 0 0 0 0 0 0 0 0
81 4 0 0 0 0 0 0 0 0
101 7 0 0 3 0 0 0 0 0
102 8 1 1 4 0 0 0 0 0
103 8 0 0 4 0 0 0 0 0
104 8 0 0 4 0 0 0 0 0
106 8 0 0 4 0 0 0 0 0
111 7 0 0 3 0 0 0 0 0
112 7 1 1 3 1 1 0 0 0
113 8 0 0 4 0 0 0 0 0
118 6 0 0 2 0 0 0 0 0
123 2 0 0 1 0 0 0 0 0
130 4 1 1 2 0 0 0 0 0
131 6 0 0 4 0 0 0 0 0
149 6 0 0 2 0 0 0 0 0
154 2 0 0 1 0 0 1 0 0
156 2 0 0 0 0 0 0 0 0
158 2 0 0 0 0 0 0 0 0
160 2 0 0 0 0 0 0 0 0
163 6 1 1 2 0 0 0 0 0
165 3 0 0 1 0 0 1 1 1
166 2 0 0 0 0 0 0 0 0
175 2 1 1 1 0 0 0 0 0
176 3 1 1 0 0 0 0 0 0
180 2 0 0 0 0 0 0 0 0
183 4 0 0 2 0 0 0 0 0
fn=_dl_start
48 57 1 1 19 6 6 0 0 0
50 36 1 1 0 0 0 0 0 0
63 21 0 0 0 0 0 0 0 0
64 14 0 0 0 0 0 4 2 2
65 5 1 1 0 0 0 0 0 0
67 1 0 0 0 0 0 0 0 0
68 5 1 1 0 0 0 0 0 0
69 1 0 0 0 0 0 0 0 0
71 5 1 1 0 0 0 0 0 0
72 4 0 0 0 0 0 0 0 0
73 16 0 0 0 0 0 14 5 5
74 18 0 0 0 0 0 0 0 0
81 2 0 0 0 0 0 0 0 0
101 4 1 1 2 0 0 0 0 0
102 4 0 0 2 0 0 0 0 0
103 4 0 0 2 0 0 0 0 0
104 4 0 0 2 0 0 0 0 0
106 4 1 1 2 0 0 0 0 0
111 4 0 0 2 0 0 0 0 0
112 4 0 0 2 0 0 0 0 0
113 4 0 0 2 0 0 0 0 0
118 3 1 1 1 0 0 0 0 0
123 2 0 0 1 0 0 0 0 0
130 3 0 0 1 0 0 0 0 0
131 3 0 0 2 0 0 0 0 0
139 3 0 0 1 0 0 0 0 0
142 3 1 1 1 1 1 0 0 0
146 2 0 0 1 0 0 0 0 0
147 2 1 1 1 0 0 0 0 0
fn=dl_main
33 1 0 0 1 0 0 0 0 0
42 2 0 0 0 0 0 0 0 0
46 1 0 0 0 0 0 0 0 0
48 81 1 1 27 8 8 0 0 0
50 52 0 0 0 0 0 0 0 0
63 25 0 0 0 0 0 0 0 0
64 17 0 0 0 0 0 5 2 2
65 5 0 0 0 0 0 0 0 0
68 5 0 0 0 0 0 0 0 0
69 1 1 1 0 0 0 0 0 0
71 5 0 0 0 0 0 0 0 0
72 5 0 0 0 0 0 0 0 0
73 21 0 0 0 0 0 21 4 4
74 26 0 0 0 0 0 0 0 0
81 3 0 0 1 0 0 0 0 0
101 3 0 0 1 0 0 0 0 0
102 4 0 0 2 0 0 0 0 0
103 4 0 0 2 0 0 0 0 0
104 4 1 1 2 0 0 0 0 0
106 4 0 0 2 0 0 0 0 0
111 4 0 0 2 0 0 0 0 0
112 4 0 0 2 0 0 0 0 0
113 4 1 1 2 0 0 0 0 0
118 3 0 0 1 0 0 0 0 0
123 2 0 0 1 0 0 0 0 0
130 2 0 0 1 0 0 0 0 0
131 3 0 0 2 0 0 0 0 0
149 3 0 0 1 0 0 0 0 0
154 2 1 1 1 0 0 1 0 0
156 2 0 0 0 0 0 0 0 0
158 2 0 0 0 0 0 0 0 0
160 2 0 0 0 0 0 0 0 0
161 2 1 1 0 0 0 1 0 0
163 3 0 0 1 0 0 0 0 0
165 3 1 1 1 0 0 1 0 0
166 2 0 0 0 0 0 0 0 0
175 2 0 0 1 0 0 0 0 0
176 3 1 1 0 0 0 0 0 0
180 2 0 0 0 0 0 0 0 0
181 3 0 0 1 0 0 1 0 0
183 2 0 0 1 0 0 0 0 0
fl=/build/glibc-eX1tMB/glibc-2.31/elf/rtld.c
fn=_dl_start
66 8 0 0 0 0 0 2 1 1
430 2 0 0 0 0 0 1 1 1
431 2 1 1 0 0 0 1 0 0
432 2 0 0 0 0 0 1 0 0
433 2 0 0 0 0 0 1 1 1
434 2 0 0 0 0 0 1 0 0
443 1 0 0 0 0 0 1 0 0
449 4 1 0 0 0 0 1 0 0
451 2 0 0 1 0 0 0 0 0
463 10 2 2 0 0 0 6 1 1
504 1 0 0 0 0 0 1 0 0
507 1 0 0 0 0 0 1 1 1
518 2 0 0 0 0 0 0 0 0
523 25 2 2 9 0 0 0 0 0
525 1 0 0 1 1 1 0 0 0
550 9 0 0 7 2 0 0 0 0
fn=dl_main
66 16 5 5 0 0 0 0 0 0
73 12 0 0 0 0 0 0 0 0
74 2 0 0 0 0 0 1 0 0
82 8 0 0 3 0 0 0 0 0
817 1 0 0 1 0 0 0 0 0
819 1 0 0 0 0 0 1 0 0
828 1 0 0 0 0 0 1 0 0
830 1 0 0 0 0 0 1 0 0
835 1 0 0 0 0 0 1 0 0
1090 14 2 2 0 0 0 8 1 1
1096 1 0 0 0 0 0 0 0 0
1099 1 0 0 0 0 0 1 0 0
1102 2 0 0 0 0 0 1 1 1
1106 6 0 0 0 0 0 1 1 1
1112 2 1 1 0 0 0 1 1 1
1122 3 0 0 1 0 0 0 0 0
1330 8 1 1 0 0 0 1 0 0
1332 2 0 0 0 0 0 0 0 0
1333 1 1 1 0 0 0 1 1 1
1334 2 0 0 1 0 0 1 0 0
1335 2 0 0 1 0 0 1 0 0
1339 3 0 0 0 0 0 1 0 0
1340 2 0 0 1 0 0 0 0 0
1362 1 0 0 0 0 0 1 0 0
1364 2 1 1 1 1 1 1 0 0
1366 1 0 0 1 0 0 0 0 0
1369 47 4 4 14 0 0 1 0 0
1370 118 2 2 22 7 7 0 0 0
1374 3 1 1 1 0 0 1 0 0
1379 3 0 0 2 0 0 1 0 0
1388 2 0 0 0 0 0 1 1 1
1389 2 0 0 2 1 1 0 0 0
1391 1 1 1 0 0 0 1 0 0
1398 3 1 1 1 0 0 0 0 0
1410 3 0 0 0 0 0 1 0 0
1416 1 0 0 0 0 0 0 0 0
1424 8 1 1 4 0 0 0 0 0
1425 17 1 1 9 1 1 1 0 0
1426 8 0 0 4 0 0 0 0 0
1427 1 0 0 0 0 0 1 0 0
1430 8 0 0 4 3 3 0 0 0
1431 8 0 0 4 0 0 0 0 0
1432 4 0 0 0 0 0 4 0 0
1433 10 0 0 5 0 0 0 0 0
1434 1 0 0 0 0 0 1 0 0
1461 2 1 1 1 0 0 1 0 0
1465 4 0 0 2 0 0 1 1 1
1478 7 0 0 4 1 1 0 0 0
1481 2 0 0 0 0 0 0 0 0
1483 2 1 1 0 0 0 0 0 0
1485 3 0 0 1 0 0 0 0 0
1498 3 0 0 1 0 0 0 0 0
1499 5 1 1 1 0 0 1 0 0
1501 3 0 0 3 0 0 0 0 0
1504 1 0 0 0 0 0 1 0 0
1506 1 0 0 0 0 0 1 1 1
1507 1 0 0 0 0 0 1 0 0
1509 2 0 0 1 0 0 0 0 0
1510 2 0 0 0 0 0 1 0 0
1514 2 1 1 1 0 0 0 0 0
1516 2 0 0 1 0 0 0 0 0
1521 2 1 1 0 0 0 1 0 0
1524 2 0 0 1 0 0 0 0 0
1549 10 0 0 1 0 0 2 0 0
1554 2 1 1 1 1 1 1 0 0
1557 4 0 0 1 0 0 2 0 0
1559 1 0 0 0 0 0 1 0 0
1564 2 1 1 1 0 0 0 0 0
1567 4 1 1 2 0 0 1 0 0
1568 4 0 0 1 0 0 1 0 0
1569 2 0 0 1 0 0 1 0 0
1570 1 0 0 0 0 0 1 0 0
1571 1 0 0 1 0 0 0 0 0
1572 1 1 1 1 0 0 0 0 0
1577 2 0 0 1 0 0 0 0 0
1578 6 0 0 1 0 0 1 0 0
1595 2 0 0 1 1 1 0 0 0
1596 2 0 0 1 0 0 0 0 0
1598 2 1 1 1 0 0 0 0 0
1600 1 0 0 0 0 0 1 0 0
1601 3 0 0 1 0 0 1 0 0
1606 5 1 1 0 0 0 0 0 0
1607 5 0 0 1 1 1 0 0 0
1609 4 1 1 2 1 1 1 1 1
1615 2 0 0 1 1 1 0 0 0
1620 1 0 0 0 0 0 1 0 0
1621 3 0 0 1 0 0 0 0 0
1622 4 1 1 1 0 0 1 0 0
1640 2 0 0 0 0 0 2 0 0
1648 3 0 0 1 0 0 0 0 0
1651 2 0 0 1 0 0 1 0 0
1655 3 0 0 1 0 0 0 0 0
1660 2 1 1 1 0 0 1 0 0
1661 1 0 0 0 0 0 1 0 0
1662 1 0 0 0 0 0 0 0 0
1666 3 0 0 1 0 0 0 0 0
1682 3 0 0 2 0 0 0 0 0
1684 1 0 0 0 0 0 0 0 0
1686 2 1 1 1 0 0 0 0 0
1690 5 0 0 1 0 0 1 0 0
1694 2 0 0 1 0 0 0 0 0
1709 5 0 0 0 0 0 1 0 0
1785 4 0 0 2 0 0 0 0 0
1789 20 3 3 1 0 0 0 0 0
1790 1 0 0 0 0 0 0 0 0
1793 3 0 0 0 0 0 1 0 0
1794 1 0 0 1 0 0 0 0 0
1795 2 0 0 0 0 0 0 0 0
1796 2 0 0 0 0 0 0 0 0
1805 8 0 0 1 0 0 1 0 0
1810 19 1 1 1 0 0 0 0 0
1811 11 0 0 9 0 0 0 0 0
1814 3 0 0 2 0 0 1 0 0
1815 3 1 1 1 0 0 0 0 0
1816 1 0 0 0 0 0 1 0 0
1818 9 0 0 0 0 0 0 0 0
1819 16 1 1 7 0 0 0 0 0
1829 5 1 1 1 0 0 1 0 0
1831 3 0 0 1 0 0 1 0 0
1832 3 0 0 1 0 0 0 0 0
1834 2 0 0 0 0 0 1 0 0
1836 3 0 0 0 0 0 0 0 0
1838 3 0 0 1 0 0 0 0 0
1839 1 1 1 1 0 0 0 0 0
1840 2 0 0 0 0 0 0 0 0
1852 2 0 0 0 0 0 0 0 0
1853 2 0 0 1 0 0 1 0 0
1854 3 0 0 1 0 0 0 0 0
1865 5 1 1 1 0 0 1 0 0
1866 1 0 0 0 0 0 1 1 1
1867 5 1 1 0 0 0 1 0 0
1877 2 0 0 1 0 0 1 0 0
1878 2 0 0 1 0 0 0 0 0
1879 3 1 1 0 0 0 2 0 0
1881 2 0 0 1 0 0 0 0 0
1886 3 0 0 1 0 0 0 0 0
2116 3 1 1 1 0 0 0 0 0
2172 1 0 0 0 0 0 1 0 0
2176 2 1 1 1 0 0 1 0 0
2182 2 0 0 1 0 0 1 0 0
2185 2 0 0 0 0 0 0 0 0
2193 1 1 1 1 0 0 0 0 0
2239 3 0 0 1 0 0 0 0 0
2242 1 0 0 1 0 0 0 0 0
2246 1 0 0 1 0 0 0 0 0
2247 16 1 1 0 0 0 0 0 0
2249 8 0 0 8 2 0 0 0 0
2254 8 0 0 8 2 0 0 0 0
2256 10 0 0 0 0 0 0 0 0
2258 1 1 1 0 0 0 1 0 0
2259 1 0 0 1 0 0 0 0 0
2262 4 1 1 4 0 0 0 0 0
2264 8 0 0 4 1 0 0 0 0
2265 24 0 0 6 2 0 3 0 0
2269 10 0 0 5 1 0 0 0 0
2270 4 1 1 0 0 0 1 0 0
2278 2 0 0 1 0 0 0 0 0
2283 4 1 1 2 0 0 0 0 0
2285 1 1 1 1 0 0 0 0 0
2292 3 0 0 1 0 0 1 0 0
2295 2 0 0 1 0 0 0 0 0
2304 3 0 0 2 0 0 0 0 0
2306 2 0 0 1 0 0 0 0 0
2319 1 0 0 1 0 0 0 0 0
2320 5 0 0 1 0 0 1 0 0
2330 1 0 0 0 0 0 1 0 0
2334 3 1 1 1 0 0 0 0 0
2355 4 0 0 0 0 0 1 0 0
2356 1 0 0 0 0 0 1 0 0
2357 1 0 0 0 0 0 1 0 0
2358 1 0 0 0 0 0 0 0 0
2362 1 0 0 0 0 0 1 0 0
2367 8 0 0 7 2 0 0 0 0
2533 2 0 0 1 0 0 1 1 1
2535 1 0 0 0 0 0 1 0 0
2536 1 1 1 0 0 0 0 0 0
2540 6 0 0 1 0 0 1 0 0
2542 12 0 0 2 0 0 3 1 1
2544 1 0 0 0 0 0 0 0 0
2546 40 0 0 8 0 0 0 0 0
2547 7 1 1 0 0 0 0 0 0
2555 6 0 0 1 1 1 0 0 0
2576 2 1 1 1 0 0 0 0 0
2583 6 1 1 3 0 0 0 0 0
2585 2 0 0 0 0 0 1 1 1
2586 1 0 0 0 0 0 0 0 0
2704 3 0 0 1 0 0 0 0 0
2736 5 1 1 1 0 0 0 0 0
fn=handle_preload_list
168 3 0 0 1 0 0 0 0 0
770 1 0 0 0 0 0 1 0 0
774 1 0 0 0 0 0 1 0 0
775 1 0 0 0 0 0 1 0 0
776 1 0 0 0 0 0 1 0 0
778 1 0 0 1 0 0 0 0 0
780 6 1 1 0 0 0 1 0 0
781 3 0 0 1 0 0 0 0 0
789 4 0 0 1 0 0 0 0 0
858 10 1 1 1 1 1 6 0 0
859 1 1 1 0 0 0 0 0 0
863 7 0 0 2 0 0 0 0 0
866 4 0 0 0 0 0 1 1 1
867 3 0 0 0 0 0 0 0 0
869 6 1 1 0 0 0 1 0 0
870 2 0 0 0 0 0 1 0 0
876 1 1 1 0 0 0 0 0 0
878 2 0 0 1 0 0 0 0 0
880 2 0 0 1 0 0 0 0 0
884 9 0 0 7 0 0 0 0 0
fn=init_tls
699 1 1 1 0 0 0 1 0 0
701 2 1 1 1 0 0 1 0 0
705 2 0 0 1 0 0 0 0 0
711 2 0 0 0 0 0 1 0 0
714 1 0 0 0 0 0 1 0 0
715 3 0 0 0 0 0 1 0 0
716 1 0 0 0 0 0 0 0 0
720 1 0 0 0 0 0 0 0 0
722 1 1 1 0 0 0 1 0 0
726 2 0 0 1 1 1 0 0 0
727 2 0 0 0 0 0 0 0 0
728 12 0 0 1 0 0 0 0 0
729 6 2 2 4 0 0 0 0 0
730 12 0 0 4 0 0 0 0 0
734 2 0 0 0 0 0 1 0 0
736 1 0 0 0 0 0 0 0 0
738 2 0 0 0 0 0 0 0 0
741 1 0 0 0 0 0 1 0 0
748 2 0 0 0 0 0 1 0 0
749 2 0 0 0 0 0 0 0 0
755 2 0 0 1 0 0 1 0 0
758 7 0 0 0 0 0 2 0 0
761 1 0 0 0 0 0 1 0 0
764 3 0 0 2 0 0 0 0 0
fn=map_doit
606 3 1 1 0 0 0 1 0 0
608 4 0 0 1 0 0 0 0 0
609 6 0 0 2 0 0 2 0 0
611 2 0 0 2 0 0 0 0 0
fn=rtld_lock_default_lock_recursive
801 5 1 1 0 0 0 0 0 0
802 5 0 0 5 2 1 0 0 0
803 5 0 0 5 0 0 0 0 0
fn=rtld_lock_default_unlock_recursive
807 5 0 0 0 0 0 0 0 0
808 5 0 0 5 1 0 0 0 0
809 5 0 0 5 0 0 0 0 0
fn=version_check_doit
639 3 1 1 0 0 0 1 0 0
641 6 0 0 2 0 0 1 0 0
645 2 0 0 2 0 0 0 0 0
fl=/build/glibc-eX1tMB/glibc-2.31/io/../sysdeps/unix/sysv/linux/access.c
fn=access
25 1 1 1 0 0 0 0 0 0
27 7 0 0 0 0 0 1 0 0
31 1 0 0 1 0 0 0 0 0
fl=/build/glibc-eX1tMB/glibc-2.31/io/../sysdeps/unix/sysv/linux/close_nocancel.c
fn=__GI___close_nocancel
25 3 1 1 0 0 0 0 0 0
26 12 0 0 0 0 0 0 0 0
27 3 0 0 3 0 0 0 0 0
fl=/build/glibc-eX1tMB/glibc-2.31/io/../sysdeps/unix/sysv/linux/open64_nocancel.c
fn=__open_nocancel
34 12 1 1 0 0 0 3 1 1
37 21 1 1 0 0 0 0 0 0
45 21 0 0 0 0 0 0 0 0
47 3 0 0 3 0 0 0 0 0
fl=/build/glibc-eX1tMB/glibc-2.31/io/../sysdeps/unix/sysv/linux/pread64_nocancel.c
fn=__pread64_nocancel
29 12 1 1 0 0 0 0 0 0
30 24 0 0 0 0 0 0 0 0
31 6 0 0 6 0 0 0 0 0
fl=/build/glibc-eX1tMB/glibc-2.31/io/../sysdeps/unix/sysv/linux/read_nocancel.c
fn=__read_nocancel
25 2 1 1 0 0 0 0 0 0
26 8 0 0 0 0 0 0 0 0
27 2 0 0 2 0 0 0 0 0
fl=/build/glibc-eX1tMB/glibc-2.31/io/../sysdeps/unix/sysv/linux/wordsize-64/fxstat.c
fn=_fxstat
33 16 2 2 0 0 0 0 0 0
34 8 1 1 0 0 0 0 0 0
35 16 0 0 0 0 0 0 0 0
39 4 0 0 4 0 0 0 0 0
fl=/build/glibc-eX1tMB/glibc-2.31/io/../sysdeps/unix/sysv/linux/write.c
fn=write
25 4 1 1 0 0 0 0 0 0
26 28 0 0 4 0 0 0 0 0
27 4 0 0 4 0 0 0 0 0
fl=/build/glibc-eX1tMB/glibc-2.31/libio/../include/sys/sysmacros.h
fn=_IO_file_doallocate
47 6 1 1 0 0 0 0 0 0
fl=/build/glibc-eX1tMB/glibc-2.31/libio/../sysdeps/unix/sysv/linux/x86/lowlevellock.h
fn=_IO_cleanup
47 4 0 0 2 0 0 0 0 0
fn=_IO_flush_all_lockp
47 2 0 0 1 0 0 0 0 0
fl=/build/glibc-eX1tMB/glibc-2.31/libio/filedoalloc.c
fn=_IO_file_doallocate
78 9 2 2 1 0 0 4 1 0
84 9 0 0 3 0 0 1 1 0
86 4 0 0 1 0 0 0 0 0
89 2 0 0 0 0 0 0 0 0
91 2 1 1 1 0 0 0 0 0
94 2 0 0 1 0 0 0 0 0
97 4 0 0 1 1 0 0 0 0
101 3 1 1 0 0 0 1 0 0
102 2 0 0 0 0 0 0 0 0
104 4 0 0 0 0 0 1 0 0
105 1 0 0 0 0 0 0 0 0
106 8 0 0 6 2 0 0 0 0
fl=/build/glibc-eX1tMB/glibc-2.31/libio/fileops.c
fn=_IO_do_write@@GLIBC_2.2.5
424 69 2 2 4 0 0 24 0 0
426 31 0 0 0 0 0 0 0 0
427 33 0 0 29 0 0 0 0 0
434 8 0 0 4 0 0 0 0 0
441 16 0 0 8 0 0 0 0 0
449 20 0 0 4 2 1 4 0 0
450 20 0 0 4 0 0 0 0 0
452 16 0 0 4 0 0 12 0 0
453 8 1 1 0 0 0 8 0 0
454 4 0 0 0 0 0 4 0 0
455 8 1 1 4 0 0 0 0 0
456 12 0 0 4 0 0 0 0 0
fn=_IO_file_overflow@@GLIBC_2.2.5
732 235 1 1 0 0 0 141 2 1
733 188 0 0 47 0 0 0 0 0
740 279 0 0 93 0 0 0 0 0
743 2 1 1 0 0 0 0 0 0
745 2 1 1 0 0 0 1 0 0
746 6 1 1 2 0 0 3 0 0
755 2 1 1 0 0 0 0 0 0
764 4 0 0 2 0 0 0 0 0
769 9 1 1 0 0 0 3 0 0
771 3 0 0 0 0 0 1 0 0
772 5 0 0 1 1 0 0 0 0
773 1 0 0 0 0 0 1 0 0
775 94 0 0 0 0 0 0 0 0
776 10 0 0 0 0 0 0 0 0
777 5 0 0 0 0 0 0 0 0
778 84 0 0 42 0 0 0 0 0
781 126 0 0 0 0 0 84 0 0
782 126 0 0 42 0 0 0 0 0
783 168 0 0 0 0 0 0 0 0
787 42 0 0 0 0 0 0 0 0
788 183 0 0 183 1 0 0 0 0
fn=_IO_file_setbuf@@GLIBC_2.2.5
382 3 1 1 0 0 0 1 0 0
383 3 1 1 0 0 0 1 0 0
388 4 0 0 1 0 0 3 0 0
390 2 0 0 0 0 0 0 0 0
391 2 0 0 2 0 0 0 0 0
fn=_IO_file_stat
1147 2 1 1 0 0 0 0 0 0
1148 3 0 0 1 0 0 0 0 0
fn=_IO_file_sync@@GLIBC_2.2.5
793 5 1 1 0 0 0 2 0 0
798 4 0 0 2 0 0 0 0 0
800 1 1 1 1 0 0 0 0 0
801 2 0 0 1 0 0 0 0 0
812 2 1 1 0 0 0 1 0 0
816 4 0 0 3 0 0 0 0 0
fn=_IO_file_write@@GLIBC_2.2.5
1174 28 0 0 0 0 0 16 1 1
1176 32 1 1 0 0 0 0 0 0
1178 4 0 0 4 1 0 0 0 0
1180 8 0 0 0 0 0 0 0 0
1181 12 0 0 4 0 0 4 0 0
1182 8 0 0 0 0 0 0 0 0
1187 4 0 0 0 0 0 0 0 0
1188 4 0 0 0 0 0 0 0 0
1191 12 0 0 4 0 0 0 0 0
1194 36 1 1 20 0 0 0 0 0
fn=_IO_file_xsputn@@GLIBC_2.2.5
1198 80 1 1 0 0 0 60 2 1
1204 60 0 0 10 2 2 0 0 0
1205 10 0 0 0 0 0 0 0 0
1211 40 1 1 10 0 0 0 0 0
1213 18 0 0 9 0 0 0 0 0
1214 18 0 0 0 0 0 0 0 0
1217 185 0 0 0 0 0 0 0 0
1219 234 0 0 78 0 0 0 0 0
1221 4 1 1 0 0 0 0 0 0
1228 3 0 0 1 0 0 0 0 0
1232 13 1 1 0 0 0 0 0 0
1234 9 0 0 0 0 0 0 0 0
1236 27 0 0 0 0 0 18 0 0
1237 9 0 0 0 0 0 0 0 0
1238 36 0 0 0 0 0 0 0 0
1240 28 0 0 0 0 0 0 0 0
1244 30 0 0 10 2 1 5 0 0
1250 10 1 1 10 0 0 0 0 0
1251 35 0 0 0 0 0 0 0 0
1253 10 0 0 0 0 0 0 0 0
1264 15 0 0 0 0 0 0 0 0
1265 21 1 1 0 0 0 3 0 0
1268 90 1 1 70 1 0 0 0 0
fl=/build/glibc-eX1tMB/glibc-2.31/libio/genops.c
fn=_IO_cleanup
786 7 1 1 1 0 0 2 0 0
787 10 1 1 4 0 0 2 0 0
790 12 1 1 4 0 0 0 0 0
799 9 1 1 3 0 0 0 0 0
801 6 0 0 2 0 0 0 0 0
807 19 2 2 7 0 0 3 0 0
815 5 1 1 2 0 0 0 0 0
817 2 1 1 0 0 0 1 0 0
819 4 0 0 2 0 0 1 0 0
820 1 0 0 0 0 0 1 0 0
824 5 0 0 2 0 0 1 0 0
826 3 0 0 1 0 0 0 0 0
830 5 1 1 1 0 0 0 0 0
831 12 1 1 4 0 0 2 0 0
838 3 0 0 0 0 0 3 0 0
842 8 0 0 2 0 0 2 0 0
843 2 1 1 0 0 0 0 0 0
863 11 2 2 1 0 0 7 0 0
866 3 0 0 0 0 0 1 0 0
878 12 0 0 9 0 0 0 0 0
fn=_IO_default_setbuf
330 4 0 0 0 0 0 0 0 0
332 4 1 1 0 0 0 1 0 0
337 3 0 0 0 0 0 1 0 0
452 9 2 2 0 0 0 4 0 0
453 5 0 0 2 0 0 1 0 0
455 6 0 0 2 0 0 0 0 0
457 2 1 1 0 0 0 1 0 0
458 2 0 0 0 0 0 0 0 0
462 1 0 0 0 0 0 0 0 0
466 4 1 1 0 0 0 3 0 0
467 1 0 0 0 0 0 0 0 0
468 6 0 0 5 0 0 0 0 0
fn=_IO_default_xsputn
371 36 2 2 0 0 0 18 0 0
374 6 0 0 0 0 0 0 0 0
379 222 1 1 90 0 0 0 0 0
393 3 0 0 0 0 0 0 0 0
399 384 0 0 126 2 0 42 0 0
401 42 0 0 0 0 0 0 0 0
404 24 1 1 21 0 0 0 0 0
fn=_IO_doallocbuf
343 4 1 1 0 0 0 3 0 0
344 2 0 0 1 0 0 0 0 0
346 4 0 0 1 0 0 0 0 0
347 5 0 0 2 1 0 1 0 0
350 4 1 1 4 0 0 0 0 0
fn=_IO_flush_all_lockp
686 12 2 2 1 0 0 7 0 0
687 1 0 0 0 0 0 0 0 0
691 8 1 1 1 0 0 3 0 0
692 10 2 2 4 1 1 2 0 0
695 12 0 0 4 3 3 0 0 0
697 3 1 1 0 0 0 3 0 0
698 6 0 0 0 0 0 0 0 0
699 2 0 0 1 0 0 0 0 0
701 23 2 2 10 3 3 0 0 0
709 6 2 2 0 0 0 0 0 0
711 3 0 0 0 0 0 3 0 0
715 8 0 0 2 0 0 2 0 0
716 3 0 0 1 0 0 0 0 0
720 12 1 1 9 0 0 0 0 0
fn=_IO_setb
329 8 1 1 0 0 0 4 0 0
330 4 1 1 2 2 0 0 0 0
332 3 0 0 2 0 0 1 0 0
334 1 0 0 0 0 0 1 0 0
335 5 0 0 0 0 0 0 0 0
338 4 0 0 3 0 0 0 0 0
fl=/build/glibc-eX1tMB/glibc-2.31/libio/libioP.h
fn=_IO_cleanup
941 3 0 0 0 0 0 0 0 0
943 2 0 0 0 0 0 0 0 0
944 2 0 0 0 0 0 0 0 0
fn=_IO_default_setbuf
941 3 0 0 0 0 0 0 0 0
943 2 0 0 0 0 0 0 0 0
944 2 0 0 0 0 0 0 0 0
fn=_IO_default_xsputn
941 9 0 0 0 0 0 0 0 0
943 84 0 0 0 0 0 0 0 0
944 84 0 0 0 0 0 0 0 0
fn=_IO_do_write@@GLIBC_2.2.5
944 8 2 2 0 0 0 0 0 0
fn=_IO_doallocbuf
941 3 0 0 0 0 0 0 0 0
943 2 1 1 0 0 0 0 0 0
944 2 0 0 0 0 0 0 0 0
fn=_IO_file_doallocate
941 3 0 0 0 0 0 0 0 0
943 2 0 0 0 0 0 0 0 0
944 2 1 1 0 0 0 0 0 0
fn=_IO_file_xsputn@@GLIBC_2.2.5
941 15 0 0 0 0 0 0 0 0
943 10 0 0 0 0 0 0 0 0
944 10 0 0 0 0 0 0 0 0
947 8 1 1 0 0 0 0 0 0
fn=_IO_flush_all_lockp
941 3 0 0 0 0 0 0 0 0
fl=/build/glibc-eX1tMB/glibc-2.31/libio/vtables.c
fn=check_stdfiles_vtables
83 1 1 1 0 0 0 0 0 0
84 4 0 0 2 1 0 0 0 0
85 3 1 1 2 1 0 0 0 0
86 3 0 0 2 1 0 0 0 0
88 1 0 0 1 0 0 0 0 0
fl=/build/glibc-eX1tMB/glibc-2.31/malloc/../sysdeps/unix/sysv/linux/x86/lowlevellock.h
fn=tcache_init.part.0
47 2 0 0 1 0 0 0 0 0
fl=/build/glibc-eX1tMB/glibc-2.31/malloc/arena.c
fn=malloc_hook_ini
291 5 0 0 2 2 1 1 0 0
fn=ptmalloc_init.part.0
289 5 1 1 1 0 0 2 0 0
294 1 0 0 0 0 0 1 0 0
302 2 0 0 1 0 0 0 0 0
303 7 1 1 0 0 0 1 1 0
304 4 1 1 2 0 0 0 0 0
308 4 1 1 1 1 0 1 1 0
313 5 0 0 0 0 0 1 0 0
314 4 1 1 0 0 0 1 0 0
315 4 0 0 0 0 0 1 0 0
316 4 0 0 0 0 0 1 0 0
317 4 1 1 0 0 0 1 0 0
318 4 0 0 0 0 0 1 0 0
319 4 0 0 0 0 0 1 0 0
320 4 1 1 0 0 0 1 0 0
322 4 0 0 0 0 0 1 0 0
323 4 0 0 0 0 0 1 0 0
324 4 1 1 0 0 0 1 0 0
327 4 0 0 0 0 0 1 0 0
396 2 0 0 2 2 1 0 0 0
397 2 0 0 0 0 0 0 0 0
400 1 0 0 0 0 0 1 1 0
401 6 0 0 4 0 0 0 0 0
fn=sysmalloc
536 3 1 1 0 0 0 1 0 0
fl=/build/glibc-eX1tMB/glibc-2.31/malloc/hooks.c
fn=malloc_hook_ini
29 5 1 1 0 0 0 3 0 0
30 2 0 0 1 0 0 1 0 0
33 5 0 0 4 1 0 0 0 0
fl=/build/glibc-eX1tMB/glibc-2.31/malloc/malloc.c
fn=_int_malloc
1208 4 1 1 0 0 0 0 0 0
1210 10 1 1 0 0 0 0 0 0
1637 4 0 0 0 0 0 0 0 0
1868 6 1 1 2 1 1 0 0 0
3513 18 1 1 0 0 0 12 0 0
3553 4 0 0 0 0 0 0 0 0
3577 4 1 1 2 0 0 0 0 0
3589 3 1 1 0 0 0 0 0 0
3635 4 0 0 0 0 0 0 0 0
3637 3 0 0 0 0 0 1 0 0
3638 2 1 1 0 0 0 0 0 0
3640 14 1 1 1 0 0 9 0 0
3697 32 2 2 0 0 0 10 0 0
3698 3 0 0 1 0 0 0 0 0
3716 7 0 0 1 0 0 3 0 0
3717 6 0 0 0 0 0 0 0 0
3718 6 0 0 4 0 0 0 0 0
3722 4 1 1 0 0 0 2 0 0
3728 6 0 0 2 0 0 0 0 0
3795 6 0 0 0 0 0 4 0 0
3917 4 2 2 0 0 0 0 0 0
3919 4 0 0 1 0 0 0 0 0
3922 3 0 0 1 0 0 0 0 0
3990 4 0 0 2 0 0 0 0 0
3991 4 0 0 0 0 0 0 0 0
3992 4 0 0 0 0 0 0 0 0
3993 4 0 0 2 0 0 0 0 0
3994 6 1 1 0 0 0 0 0 0
3999 4 0 0 0 0 0 0 0 0
4003 14 1 1 0 0 0 0 0 0
4006 12 0 0 3 0 0 0 0 0
4103 2 1 1 2 0 0 0 0 0
4104 4 0 0 2 0 0 0 0 0
4106 4 0 0 2 1 0 0 0 0
4109 7 0 0 0 0 0 1 0 0
4111 1 0 0 0 0 0 0 0 0
4112 2 0 0 1 0 0 0 0 0
4113 1 0 0 0 0 0 1 0 0
4114 8 1 1 0 0 0 1 0 0
4116 2 0 0 0 0 0 1 1 1
4119 1 0 0 0 0 0 0 0 0
4126 3 0 0 1 0 0 0 0 0
4141 5 1 1 1 0 0 1 0 0
4142 2 0 0 0 0 0 0 0 0
4147 20 2 2 14 0 0 0 0 0
fn=malloc
3023 5 1 1 0 0 0 3 1 0
3031 2 0 0 2 1 0 0 0 0
3032 2 0 0 0 0 0 0 0 0
3033 2 1 1 1 0 0 0 0 0
3082 3 0 0 3 0 0 0 0 0
fn=malloc_hook_ini
1208 2 0 0 0 0 0 0 0 0
1210 8 1 1 0 0 0 0 0 0
2978 4 1 1 2 1 0 1 0 0
3032 2 1 1 0 0 0 0 0 0
3044 4 0 0 2 1 0 0 0 0
3047 2 0 0 1 0 0 0 0 0
3048 5 0 0 1 0 0 0 0 0
3049 3 0 0 1 0 0 0 0 0
3056 3 1 1 1 0 0 0 0 0
3058 4 0 0 0 0 0 1 0 0
3059 7 0 0 1 0 0 0 0 0
fn=ptmalloc_init.part.0
1795 257 1 1 0 0 0 0 0 0
1798 508 0 0 0 0 0 127 33 32
1806 1 0 0 0 0 0 1 1 1
1807 1 0 0 0 0 0 1 1 1
1809 1 0 0 0 0 0 1 0 0
fn=sysmalloc
2255 8 1 1 0 0 0 6 0 0
2275 2 0 0 2 0 0 0 0 0
2286 2 0 0 0 0 0 0 0 0
2287 5 0 0 1 1 1 1 0 0
2302 4 0 0 0 0 0 2 0 0
2368 1 0 0 1 0 0 0 0 0
2369 3 0 0 1 0 0 0 0 0
2370 1 0 0 0 0 0 0 0 0
2379 4 0 0 1 0 0 0 0 0
2385 3 1 1 0 0 0 0 0 0
2388 3 0 0 0 0 0 0 0 0
2449 9 2 2 2 0 0 1 0 0
2460 1 0 0 0 0 0 0 0 0
2468 3 0 0 0 0 0 0 0 0
2470 6 0 0 2 1 0 3 0 0
2471 1 0 0 0 0 0 0 0 0
2474 4 1 1 2 0 0 0 0 0
2477 2 0 0 2 1 0 0 0 0
2478 2 0 0 0 0 0 0 0 0
2524 6 0 0 2 1 0 0 0 0
2525 2 1 1 0 0 0 1 0 0
2526 1 1 1 0 0 0 1 0 0
2532 2 0 0 0 0 0 0 0 0
2535 4 1 1 1 0 0 0 0 0
2575 3 0 0 0 0 0 0 0 0
2597 2 1 1 0 0 0 0 0 0
2598 6 0 0 1 0 0 0 0 0
2600 2 0 0 0 0 0 0 0 0
2601 2 0 0 2 0 0 1 0 0
2613 2 0 0 0 0 0 0 0 0
2621 2 0 0 2 0 0 0 0 0
2622 9 1 1 2 0 0 1 0 0
2660 1 0 0 0 0 0 1 0 0
2661 4 1 1 0 0 0 1 1 1
2662 1 0 0 0 0 0 1 0 0
2673 2 0 0 0 0 0 0 0 0
2705 2 1 1 1 0 0 0 0 0
2706 1 0 0 0 0 0 1 0 0
2711 2 1 1 1 0 0 0 0 0
2714 2 0 0 0 0 0 0 0 0
2716 3 0 0 0 0 0 0 0 0
2717 1 0 0 0 0 0 0 0 0
2718 3 0 0 0 0 0 1 0 0
2719 3 0 0 0 0 0 1 0 0
2720 2 0 0 0 0 0 1 1 1
2722 1 0 0 0 0 0 0 0 0
2728 9 1 1 7 0 0 0 0 0
fn=tcache_init.part.0
2972 1 0 0 0 0 0 1 0 0
2981 7 1 1 3 0 0 0 0 0
2982 4 0 0 0 0 0 1 0 0
2983 2 1 1 0 0 0 0 0 0
2991 4 0 0 2 0 0 0 0 0
2998 2 0 0 0 0 0 0 0 0
3000 2 0 0 1 0 0 1 0 0
3001 88 1 1 0 0 0 81 9 9
3004 2 0 0 2 0 0 0 0 0
fl=/build/glibc-eX1tMB/glibc-2.31/malloc/morecore.c
fn=__default_morecore
46 4 1 1 0 0 0 0 0 0
47 2 0 0 0 0 0 2 0 0
49 6 0 0 0 0 0 0 0 0
52 4 0 0 2 0 0 0 0 0
fl=/build/glibc-eX1tMB/glibc-2.31/malloc/scratch_buffer_set_array_size.c
fn=__libc_scratch_buffer_set_array_size
30 10 1 1 0 0 0 6 0 0
31 4 0 0 0 0 0 0 0 0
34 4 0 0 0 0 0 0 0 0
35 4 0 0 0 0 0 0 0 0
45 4 0 0 2 0 0 0 0 0
46 2 1 1 0 0 0 0 0 0
63 8 0 0 8 0 0 0 0 0
fl=/build/glibc-eX1tMB/glibc-2.31/misc/../sysdeps/unix/syscall-template.S
fn=mprotect
78 30 1 1 0 0 0 0 0 0
79 6 0 0 6 0 0 0 0 0
fn=munmap
78 5 1 1 0 0 0 0 0 0
79 1 0 0 1 0 0 0 0 0
fl=/build/glibc-eX1tMB/glibc-2.31/misc/../sysdeps/unix/sysv/linux/mmap64.c
fn=mmap
48 45 1 1 0 0 0 18 0 0
51 18 0 0 0 0 0 0 0 0
54 38 1 1 1 0 0 0 0 0
59 54 0 0 0 0 0 0 0 0
61 27 0 0 27 0 0 0 0 0
fl=/build/glibc-eX1tMB/glibc-2.31/misc/../sysdeps/unix/sysv/linux/x86_64/brk.c
fn=brk
28 2 1 1 0 0 0 0 0 0
31 12 0 0 2 0 0 2 0 0
33 4 1 1 0 0 0 0 0 0
39 2 0 0 0 0 0 0 0 0
40 2 0 0 2 0 0 0 0 0
fl=/build/glibc-eX1tMB/glibc-2.31/misc/init-misc.c
fn=__init_misc
30 5 1 1 0 0 0 2 0 0
31 5 0 0 1 0 0 0 0 0
33 3 1 1 0 0 0 1 0 0
37 5 0 0 1 1 0 1 1 0
38 3 0 0 2 0 0 1 0 0
40 4 0 0 3 0 0 0 0 0
fl=/build/glibc-eX1tMB/glibc-2.31/misc/sbrk.c
fn=sbrk
32 10 1 1 0 0 0 6 0 0
40 11 0 0 5 3 1 0 0 0
41 6 1 1 1 0 0 1 0 0
44 4 0 0 0 0 0 0 0 0
48 6 0 0 0 0 0 0 0 0
56 4 1 1 0 0 0 1 0 0
60 10 0 0 8 0 0 0 0 0
fl=/build/glibc-eX1tMB/glibc-2.31/nptl/../sysdeps/unix/sysv/linux/x86/lowlevellock.h
fn=__unregister_atfork
47 4 0 0 2 0 0 0 0 0
fl=/build/glibc-eX1tMB/glibc-2.31/nptl/register-atfork.c
fn=__unregister_atfork
68 4 0 0 0 0 0 0 0 0
79 6 1 1 0 0 0 2 0 0
80 6 0 0 2 0 0 0 0 0
82 2 0 0 2 1 1 0 0 0
106 8 1 1 4 0 0 0 0 0
107 4 0 0 4 0 0 0 0 0
fl=/build/glibc-eX1tMB/glibc-2.31/posix/../sysdeps/unix/syscall-template.S
fn=uname
78 5 1 1 0 0 0 0 0 0
79 1 0 0 1 0 0 0 0 0
fl=/build/glibc-eX1tMB/glibc-2.31/posix/../sysdeps/unix/sysv/linux/_exit.c
fn=_Exit
27 3 1 1 1 0 0 0 0 0
31 4 1 1 0 0 0 0 0 0
33 2 0 0 0 0 0 0 0 0
fl=/build/glibc-eX1tMB/glibc-2.31/setjmp/../sysdeps/x86_64/bsd-_setjmp.S
fn=_setjmp
28 1 1 1 0 0 0 0 0 0
30 1 0 0 0 0 0 0 0 0
32 1 0 0 0 0 0 0 0 0
fl=/build/glibc-eX1tMB/glibc-2.31/setjmp/../sysdeps/x86_64/setjmp.S
fn=__sigsetjmp
30 4 2 2 0 0 0 0 0 0
32 4 0 0 0 0 0 4 1 1
41 4 0 0 0 0 0 0 0 0
42 8 1 1 4 0 0 0 0 0
43 4 0 0 0 0 0 4 0 0
47 4 0 0 0 0 0 4 0 0
48 4 1 1 0 0 0 4 0 0
49 4 0 0 0 0 0 4 0 0
50 4 0 0 0 0 0 4 0 0
51 4 0 0 0 0 0 0 0 0
53 8 0 0 4 0 0 0 0 0
55 4 0 0 0 0 0 4 0 0
56 4 0 0 4 0 0 0 0 0
57 4 0 0 0 0 0 0 0 0
59 8 1 1 4 0 0 0 0 0
61 4 0 0 0 0 0 4 0 0
66 1 0 0 1 1 0 0 0 0
67 1 0 0 0 0 0 0 0 0
69 3 0 0 0 0 0 0 0 0
72 3 0 0 0 0 0 0 0 0
73 3 0 0 0 0 0 3 1 1
80 3 0 0 0 0 0 0 0 0
81 3 0 0 3 0 0 0 0 0
84 1 0 0 0 0 0 0 0 0
fl=/build/glibc-eX1tMB/glibc-2.31/setjmp/sigjmp.c
fn=__sigjmp_save
28 3 0 0 0 0 0 1 0 0
29 1 0 0 0 0 0 1 0 0
30 2 0 0 0 0 0 0 0 0
34 3 1 1 2 0 0 0 0 0
fl=/build/glibc-eX1tMB/glibc-2.31/stdio-common/../libio/libioP.h
fn=__vfprintf_internal
941 10 0 0 0 0 0 2 0 0
943 22 1 1 8 0 0 2 0 0
944 20 2 2 8 0 0 0 0 0
fl=/build/glibc-eX1tMB/glibc-2.31/stdio-common/../sysdeps/unix/sysv/linux/x86/lowlevellock.h
fn=__vfprintf_internal
47 4 0 0 2 0 0 0 0 0
fl=/build/glibc-eX1tMB/glibc-2.31/stdio-common/_itoa.c
fn=_itoa_word
165 8 1 1 0 0 0 0 0 0
168 16 0 0 0 0 0 0 0 0
170 8 0 0 0 0 0 0 0 0
179 456 2 2 32 2 2 32 1 0
188 8 0 0 4 0 0 0 0 0
fl=/build/glibc-eX1tMB/glibc-2.31/stdio-common/printf-parse.h
fn=__vfprintf_internal
111 32 2 2 0 0 0 16 2 1
fl=/build/glibc-eX1tMB/glibc-2.31/stdio-common/vfprintf-internal.c
fn=__vfprintf_internal
1289 32 2 2 2 0 0 16 4 3
1320 6 0 0 4 2 2 2 2 2
1324 2 0 0 0 0 0 2 0 0
1328 9 0 0 2 1 1 1 0 0
1332 10 1 1 2 1 1 0 0 0
1343 6 0 0 0 0 0 0 0 0
1350 2 0 0 0 0 0 2 0 0
1354 8 0 0 4 0 0 4 1 1
1358 2 0 0 0 0 0 2 0 0
1369 20 2 2 4 2 2 8 1 1
1370 22 1 1 12 4 3 2 0 0
1373 24 1 1 6 2 1 2 0 0
1377 6 0 0 4 1 0 0 0 0
1381 16 1 1 6 6 5 2 2 1
1402 4 0 0 0 0 0 4 0 0
1403 4 1 1 0 0 0 4 0 0
1404 4 0 0 0 0 0 4 0 0
1405 4 0 0 0 0 0 4 0 0
1406 8 0 0 0 0 0 4 0 0
1407 4 0 0 0 0 0 4 0 0
1408 12 1 1 4 2 2 4 0 0
1409 4 0 0 0 0 0 4 0 0
1410 4 0 0 0 0 0 4 0 0
1411 4 0 0 0 0 0 4 1 0
1412 8 0 0 0 0 0 0 0 0
1415 4 1 1 0 0 0 4 0 0
1416 4 0 0 0 0 0 4 0 0
1419 4 0 0 0 0 0 4 0 0
1420 12 0 0 0 0 0 4 0 0
1423 40 0 0 8 2 2 0 0 0
1450 4 1 1 0 0 0 0 0 0
1659 4 0 0 0 0 0 4 0 0
1660 60 1 1 12 2 2 0 0 0
1687 456 18 18 130 3 0 54 0 0
1688 8 1 1 0 0 0 0 0 0
1705 4 1 1 4 0 0 0 0 0
1707 8 0 0 4 0 0 0 0 0
1715 4 0 0 0 0 0 0 0 0
1719 84 1 1 20 0 0 8 0 0
1721 10 0 0 4 0 0 0 0 0
1741 26 1 1 10 1 0 4 0 0
1742 6 1 1 2 0 0 0 0 0
1745 24 0 0 18 0 0 0 0 0
fl=/build/glibc-eX1tMB/glibc-2.31/stdlib/../sysdeps/unix/sysv/linux/x86/lowlevellock.h
fn=__cxa_atexit
47 3 0 0 1 1 1 0 0 0
fn=__cxa_finalize
47 6 1 1 2 0 0 0 0 0
51 2 0 0 0 0 0 0 0 0
fn=__run_exit_handlers
47 6 0 0 3 0 0 0 0 0
fn=random
47 4194304 0 0 2097152 0 0 0 0 0
fn=srand
47 2 0 0 1 1 1 0 0 0
fl=/build/glibc-eX1tMB/glibc-2.31/stdlib/cxa_atexit.c
fn=__cxa_atexit
41 3 0 0 0 0 0 0 0 0
43 3 1 1 1 0 0 0 0 0
44 2 0 0 0 0 0 1 0 0
46 2 0 0 0 0 0 0 0 0
53 3 1 1 1 0 0 0 0 0
55 1 0 0 0 0 0 1 0 0
56 3 0 0 2 0 0 1 0 0
58 1 0 0 0 0 0 1 0 0
59 4 0 0 2 0 0 0 0 0
69 6 1 1 0 0 0 4 0 0
71 5 0 0 3 0 0 0 0 0
fn=__new_exitfn
82 5 1 1 0 0 0 2 0 0
83 2 0 0 0 0 0 0 0 0
88 2 0 0 1 1 0 0 0 0
93 8 0 0 2 1 0 0 0 0
95 4 1 1 1 1 0 0 0 0
103 1 0 0 0 0 0 1 0 0
124 1 0 0 0 0 0 0 0 0
125 2 1 1 0 0 0 1 0 0
138 1 1 1 0 0 0 1 0 0
139 1 0 0 1 0 0 0 0 0
143 5 0 0 3 0 0 0 0 0
fl=/build/glibc-eX1tMB/glibc-2.31/stdlib/cxa_finalize.c
fn=__cxa_finalize
30 18 1 1 0 0 0 12 0 0
33 6 0 0 2 0 0 0 0 0
36 12 1 1 4 0 0 0 0 0
40 14 0 0 2 0 0 0 0 0
94 14 0 0 4 0 0 0 0 0
98 12 1 1 2 1 1 0 0 0
106 4 0 0 0 0 0 0 0 0
107 4 0 0 0 0 0 2 0 0
109 8 1 1 4 0 0 0 0 0
110 16 0 0 14 0 0 0 0 0
fl=/build/glibc-eX1tMB/glibc-2.31/stdlib/cxa_thread_atexit_impl.c
fn=__call_tls_dtors
145 4 1 1 0 0 0 2 0 0
146 4 0 0 2 1 1 0 0 0
164 4 1 1 3 0 0 0 0 0
fl=/build/glibc-eX1tMB/glibc-2.31/stdlib/exit.c
fn=__run_exit_handlers
40 11 2 2 0 0 0 7 0 0
45 3 0 0 0 0 0 0 0 0
46 2 1 1 0 0 0 1 0 0
56 8 0 0 2 0 0 0 0 0
59 2 0 0 2 1 1 0 0 0
61 5 1 1 0 0 0 0 0 0
65 1 0 0 0 0 0 1 1 1
66 4 1 1 2 0 0 0 0 0
70 6 1 1 2 1 1 0 0 0
72 2 0 0 0 0 0 1 0 0
73 1 0 0 1 0 0 0 0 0
76 4 0 0 2 0 0 0 0 0
77 8 1 1 1 0 0 0 0 0
103 1 0 0 0 0 0 1 0 0
106 3 0 0 2 0 0 0 0 0
108 3 0 0 1 0 0 1 0 0
109 1 0 0 0 0 0 0 0 0
112 3 0 0 1 0 0 0 0 0
114 2 0 0 1 0 0 0 0 0
120 2 1 1 1 0 0 1 0 0
121 2 0 0 0 0 0 0 0 0
126 5 0 0 2 0 0 0 0 0
129 2 0 0 1 0 0 0 0 0
130 13 0 0 1 1 1 1 0 0
132 2 1 1 0 0 0 1 0 0
fn=exit
138 4 1 1 1 0 0 1 0 0
139 4 0 0 0 0 0 1 0 0
fl=/build/glibc-eX1tMB/glibc-2.31/stdlib/rand.c
fn=rand
26 4194304 1 1 0 0 0 0 0 0
27 2097152 0 0 0 0 0 2097152 0 0
28 4194304 0 0 2097152 0 0 0 0 0
fl=/build/glibc-eX1tMB/glibc-2.31/stdlib/random.c
fn=random
288 10485760 1 1 2097152 0 0 2097152 0 0
291 6291456 0 0 2097152 0 0 0 0 0
293 6291456 1 1 0 0 0 2097152 0 0
295 8388608 0 0 4194304 0 0 0 0 0
297 2097152 0 0 2097152 0 0 0 0 0
298 10485760 0 0 6291456 0 0 0 0 0
fn=srand
209 3 1 1 0 0 0 1 0 0
210 3 0 0 1 0 0 0 0 0
211 3 0 0 0 0 0 1 0 0
212 4 0 0 2 0 0 0 0 0
213 2 1 1 2 0 0 0 0 0
fl=/build/glibc-eX1tMB/glibc-2.31/stdlib/random_r.c
fn=random_r
354 2097152 1 1 0 0 0 0 0 0
357 8388608 0 0 0 0 0 0 0 0
360 2164802 0 0 2097152 0 0 0 0 0
362 6291456 1 1 2097152 0 0 0 0 0
370 2097152 0 0 2097152 0 0 0 0 0
371 2097152 0 0 2097152 0 0 0 0 0
372 2097152 0 0 2097152 0 0 0 0 0
375 6291456 1 1 4194304 0 0 2097152 0 0
377 4194304 0 0 0 0 0 2097152 0 0
378 4194304 0 0 0 0 0 0 0 0
379 4194304 0 0 0 0 0 0 0 0
387 4126654 0 0 0 0 0 0 0 0
390 8388608 0 0 0 0 0 2097152 0 0
393 2097152 0 0 0 0 0 0 0 0
398 8118008 0 0 2097152 0 0 0 0 0
fn=srandom_r
162 1 1 1 0 0 0 0 0 0
170 2 0 0 0 0 0 0 0 0
172 1 0 0 1 1 0 0 0 0
173 2 0 0 0 0 0 0 0 0
176 1 0 0 1 0 0 0 0 0
180 4 0 0 0 0 0 1 1 1
181 2 0 0 0 0 0 0 0 0
186 1 0 0 1 0 0 0 0 0
187 67 1 1 0 0 0 0 0 0
192 240 0 0 0 0 0 0 0 0
193 60 0 0 0 0 0 0 0 0
194 90 0 0 0 0 0 0 0 0
196 60 1 1 0 0 0 0 0 0
197 60 0 0 0 0 0 30 1 1
200 3 0 0 1 0 0 1 0 0
201 1 0 0 0 0 0 1 0 0
203 621 0 0 0 0 0 0 0 0
210 22 0 0 1 0 0 0 0 0
362 930 1 1 310 0 0 0 0 0
370 310 0 0 310 0 0 0 0 0
371 310 0 0 310 0 0 0 0 0
372 310 0 0 310 0 0 0 0 0
375 620 0 0 620 0 0 0 0 0
378 310 0 0 0 0 0 0 0 0
379 930 0 0 0 0 0 0 0 0
387 600 0 0 0 0 0 0 0 0
390 1240 1 1 0 0 0 310 0 0
fl=/build/glibc-eX1tMB/glibc-2.31/string/../bits/stdlib-bsearch.h
fn=intel_check_word.isra.0
27 12 0 0 0 0 0 0 0 0
28 12 0 0 0 0 0 0 0 0
29 228 0 0 0 0 0 0 0 0
31 162 0 0 0 0 0 0 0 0
32 81 0 0 0 0 0 0 0 0
37 15 1 1 0 0 0 0 0 0
fl=/build/glibc-eX1tMB/glibc-2.31/string/../sysdeps/x86/cacheinfo.c
fn=handle_intel.constprop.0
259 30 1 1 3 0 0 21 0 0
261 3 1 1 3 0 0 0 0 0
264 6 0 0 3 0 0 0 0 0
270 6 1 1 0 0 0 3 0 0
272 6 0 0 0 0 0 3 0 0
273 3 0 0 0 0 0 3 0 0
275 9 0 0 0 0 0 0 0 0
281 15 0 0 0 0 0 6 0 0
286 6 0 0 0 0 0 0 0 0
288 6 0 0 0 0 0 3 0 0
289 3 0 0 0 0 0 0 0 0
293 18 1 1 0 0 0 3 0 0
295 6 0 0 0 0 0 0 0 0
298 21 0 0 0 0 0 3 0 0
300 6 0 0 0 0 0 0 0 0
319 33 1 1 27 0 0 0 0 0
fn=init_cacheinfo
488 8 1 1 0 0 0 6 0 0
500 2 1 1 1 0 0 1 0 0
502 6 0 0 4 1 0 0 0 0
504 3 0 0 0 0 0 1 0 0
506 3 0 0 0 0 0 2 0 0
510 1 1 1 0 0 0 1 0 0
511 3 0 0 0 0 0 1 0 0
519 2 0 0 0 0 0 0 0 0
530 1 0 0 0 0 0 0 0 0
535 3 0 0 1 0 0 0 0 0
539 2 0 0 1 0 0 0 0 0
547 12 1 1 0 0 0 0 0 0
550 13 1 1 0 0 0 0 0 0
556 8 0 0 0 0 0 0 0 0
559 26 0 0 0 0 0 0 0 0
564 2 1 1 0 0 0 0 0 0
568 3 1 1 0 0 0 0 0 0
569 2 0 0 0 0 0 0 0 0
573 6 0 0 0 0 0 0 0 0
577 3 0 0 0 0 0 0 0 0
580 3 0 0 0 0 0 0 0 0
581 1 0 0 0 0 0 0 0 0
586 4 0 0 0 0 0 0 0 0
592 2 1 1 1 0 0 0 0 0
600 9 0 0 1 0 0 0 0 0
602 7 1 1 0 0 0 0 0 0
604 7 0 0 0 0 0 0 0 0
606 6 0 0 0 0 0 0 0 0
609 2 0 0 0 0 0 0 0 0
610 8 0 0 0 0 0 0 0 0
612 4 1 1 0 0 0 0 0 0
615 2 0 0 0 0 0 0 0 0
620 1 0 0 0 0 0 0 0 0
622 4 0 0 0 0 0 0 0 0
623 2 0 0 0 0 0 0 0 0
624 2 0 0 0 0 0 0 0 0
627 2 0 0 0 0 0 0 0 0
630 2 1 1 0 0 0 0 0 0
633 1 0 0 0 0 0 0 0 0
634 2 0 0 1 0 0 0 0 0
637 1 0 0 0 0 0 0 0 0
639 4 1 1 0 0 0 0 0 0
640 1 0 0 0 0 0 0 0 0
645 2 0 0 0 0 0 0 0 0
651 2 0 0 0 0 0 0 0 0
652 2 0 0 0 0 0 0 0 0
653 1 1 1 0 0 0 0 0 0
654 2 0 0 1 0 0 0 0 0
691 4 0 0 0 0 0 0 0 0
692 5 0 0 0 0 0 0 0 0
696 2 1 1 0 0 0 0 0 0
755 2 0 0 0 0 0 0 0 0
758 2 1 1 0 0 0 0 0 0
760 3 0 0 0 0 0 1 0 0
761 1 0 0 0 0 0 1 1 1
763 1 0 0 0 0 0 0 0 0
764 3 1 1 0 0 0 1 0 0
765 1 0 0 0 0 0 1 0 0
768 2 0 0 0 0 0 0 0 0
771 2 0 0 0 0 0 0 0 0
773 3 0 0 0 0 0 1 0 0
774 1 0 0 0 0 0 1 1 1
776 1 0 0 0 0 0 0 0 0
777 3 0 0 0 0 0 1 0 0
778 1 0 0 0 0 0 1 0 0
786 2 0 0 1 0 0 1 1 1
788 8 0 0 1 0 0 0 0 0
789 8 0 0 7 0 0 0 0 0
fn=intel_check_word.isra.0
119 162 0 0 81 6 6 0 0 0
122 81 1 1 0 0 0 0 0 0
128 42 0 0 0 0 0 24 0 0
132 12 1 1 0 0 0 0 0 0
134 3 0 0 0 0 0 0 0 0
138 42 0 0 0 0 0 0 0 0
140 60 1 1 0 0 0 0 0 0
142 15 0 0 0 0 0 0 0 0
144 30 0 0 0 0 0 0 0 0
152 30 0 0 0 0 0 0 0 0
161 13 1 1 0 0 0 0 0 0
164 29 1 1 0 0 0 0 0 0
167 24 0 0 0 0 0 0 0 0
171 16 0 0 0 0 0 0 0 0
173 46 0 0 0 0 0 0 0 0
175 20 0 0 0 0 0 0 0 0
177 12 0 0 0 0 0 0 0 0
178 8 1 1 0 0 0 0 0 0
179 2 0 0 0 0 0 0 0 0
181 3 1 1 0 0 0 0 0 0
183 6 0 0 0 0 0 0 0 0
185 9 1 1 0 0 0 0 0 0
186 12 0 0 0 0 0 0 0 0
187 9 1 1 0 0 0 0 0 0
188 15 0 0 0 0 0 0 0 0
196 5 0 0 0 0 0 0 0 0
203 48 1 1 0 0 0 0 0 0
225 12 0 0 0 0 0 0 0 0
255 36 0 0 30 0 0 0 0 0
fl=/build/glibc-eX1tMB/glibc-2.31/string/../sysdeps/x86_64/multiarch/../strchr.S
fn=index
23 5 1 1 0 0 0 0 0 0
24 5 0 0 0 0 0 0 0 0
25 5 0 0 0 0 0 0 0 0
26 5 0 0 0 0 0 0 0 0
27 5 0 0 0 0 0 0 0 0
28 5 0 0 0 0 0 0 0 0
29 5 0 0 0 0 0 0 0 0
30 5 1 1 0 0 0 0 0 0
31 5 0 0 0 0 0 0 0 0
32 5 0 0 5 2 2 0 0 0
33 5 0 0 0 0 0 0 0 0
34 5 0 0 0 0 0 0 0 0
35 5 0 0 0 0 0 0 0 0
36 5 0 0 0 0 0 0 0 0
37 5 0 0 0 0 0 0 0 0
38 5 0 0 0 0 0 0 0 0
39 5 0 0 0 0 0 0 0 0
40 5 0 0 0 0 0 0 0 0
41 3 0 0 0 0 0 0 0 0
45 3 0 0 0 0 0 0 0 0
46 3 0 0 0 0 0 0 0 0
47 3 0 0 3 0 0 0 0 0
48 3 0 0 0 0 0 0 0 0
50 3 0 0 3 0 0 0 0 0
54 2 1 1 2 0 0 0 0 0
55 2 0 0 0 0 0 0 0 0
56 2 0 0 0 0 0 0 0 0
57 2 0 0 0 0 0 0 0 0
58 2 0 0 0 0 0 0 0 0
59 2 0 0 0 0 0 0 0 0
60 2 0 0 2 0 0 0 0 0
61 2 0 0 0 0 0 0 0 0
62 2 0 0 0 0 0 0 0 0
63 2 0 0 0 0 0 0 0 0
64 2 0 0 0 0 0 0 0 0
65 2 0 0 0 0 0 0 0 0
66 2 0 0 0 0 0 0 0 0
67 2 0 0 2 1 1 0 0 0
68 2 0 0 0 0 0 0 0 0
69 2 1 1 0 0 0 0 0 0
70 2 0 0 0 0 0 0 0 0
71 2 0 0 0 0 0 0 0 0
72 2 0 0 0 0 0 0 0 0
73 2 0 0 0 0 0 0 0 0
74 2 0 0 0 0 0 0 0 0
75 2 0 0 0 0 0 0 0 0
76 2 0 0 0 0 0 0 0 0
77 4 0 0 0 0 0 0 0 0
82 1 0 0 0 0 0 0 0 0
83 1 0 0 0 0 0 0 0 0
86 1 0 0 0 0 0 0 0 0
87 1 0 0 1 0 0 0 0 0
88 1 1 1 1 0 0 0 0 0
89 1 0 0 1 0 0 0 0 0
90 1 0 0 0 0 0 0 0 0
91 1 0 0 1 0 0 0 0 0
92 1 0 0 0 0 0 0 0 0
93 1 0 0 0 0 0 0 0 0
94 1 0 0 1 0 0 0 0 0
95 1 0 0 0 0 0 0 0 0
96 1 0 0 1 0 0 0 0 0
97 1 0 0 1 0 0 0 0 0
98 1 0 0 0 0 0 0 0 0
99 1 0 0 1 0 0 0 0 0
100 1 0 0 0 0 0 0 0 0
101 1 0 0 0 0 0 0 0 0
102 1 1 1 0 0 0 0 0 0
103 1 0 0 0 0 0 0 0 0
105 1 0 0 0 0 0 0 0 0
106 1 0 0 0 0 0 0 0 0
108 1 0 0 1 0 0 0 0 0
109 1 0 0 0 0 0 0 0 0
110 1 0 0 0 0 0 0 0 0
111 1 0 0 0 0 0 0 0 0
112 1 0 0 0 0 0 0 0 0
113 1 0 0 0 0 0 0 0 0
114 1 0 0 0 0 0 0 0 0
115 1 0 0 0 0 0 0 0 0
117 1 0 0 0 0 0 0 0 0
118 1 0 0 0 0 0 0 0 0
119 1 0 0 0 0 0 0 0 0
120 1 0 0 0 0 0 0 0 0
121 1 0 0 0 0 0 0 0 0
122 1 1 1 0 0 0 0 0 0
123 1 0 0 0 0 0 0 0 0
124 1 0 0 0 0 0 0 0 0
125 1 0 0 0 0 0 0 0 0
126 1 0 0 0 0 0 0 0 0
129 2 0 0 0 0 0 0 0 0
133 2 0 0 0 0 0 0 0 0
134 2 0 0 0 0 0 0 0 0
135 2 0 0 2 0 0 0 0 0
136 2 0 0 0 0 0 0 0 0
138 2 0 0 2 0 0 0 0 0
fl=/build/glibc-eX1tMB/glibc-2.31/string/../sysdeps/x86_64/multiarch/../strlen.S
fn=strlen
41 10 1 1 0 0 0 0 0 0
79 10 0 0 0 0 0 0 0 0
80 10 0 0 0 0 0 0 0 0
81 10 0 0 0 0 0 0 0 0
82 10 0 0 0 0 0 0 0 0
83 10 0 0 0 0 0 0 0 0
84 10 0 0 0 0 0 0 0 0
85 10 0 0 0 0 0 0 0 0
87 10 0 0 0 0 0 0 0 0
89 10 0 0 0 0 0 0 0 0
120 10 0 0 10 2 2 0 0 0
121 10 1 1 0 0 0 0 0 0
122 10 0 0 0 0 0 0 0 0
123 10 0 0 0 0 0 0 0 0
124 10 0 0 0 0 0 0 0 0
125 4 0 0 0 0 0 0 0 0
127 4 0 0 4 0 0 0 0 0
131 6 0 0 0 0 0 0 0 0
132 6 0 0 6 0 0 0 0 0
133 6 0 0 6 1 1 0 0 0
134 6 0 0 6 0 0 0 0 0
135 6 0 0 0 0 0 0 0 0
136 6 0 0 0 0 0 0 0 0
137 6 0 0 0 0 0 0 0 0
138 6 0 0 0 0 0 0 0 0
139 6 0 0 0 0 0 0 0 0
140 6 0 0 0 0 0 0 0 0
141 6 0 0 0 0 0 0 0 0
142 6 0 0 0 0 0 0 0 0
147 42 1 1 3 0 0 0 0 0
221 3 1 1 3 0 0 0 0 0
222 3 0 0 3 0 0 0 0 0
223 3 0 0 3 0 0 0 0 0
224 3 0 0 3 0 0 0 0 0
225 3 0 0 0 0 0 0 0 0
226 3 0 0 0 0 0 0 0 0
227 3 0 0 0 0 0 0 0 0
228 3 0 0 0 0 0 0 0 0
244 3 1 1 0 0 0 0 0 0
246 3 0 0 0 0 0 0 0 0
247 42 1 1 12 0 0 0 0 0
249 3 0 0 0 0 0 0 0 0
250 3 0 0 0 0 0 0 0 0
251 3 0 0 0 0 0 0 0 0
253 3 0 0 3 0 0 0 0 0
fl=/build/glibc-eX1tMB/glibc-2.31/string/../sysdeps/x86_64/multiarch/ifunc-avx2.h
fn=memchr
30 5 0 0 0 0 0 0 0 0
32 3 0 0 2 0 0 0 0 0
fn=memrchr
30 5 1 1 0 0 0 0 0 0
32 3 0 0 2 0 0 0 0 0
fn=rawmemchr
30 5 1 1 0 0 0 0 0 0
32 3 0 0 2 0 0 0 0 0
fn=rindex
30 5 1 1 0 0 0 0 0 0
32 3 0 0 2 0 0 0 0 0
fn=strchrnul
30 5 1 1 0 0 0 0 0 0
32 3 0 0 2 0 0 0 0 0
fn=strlen
30 5 0 0 0 0 0 0 0 0
32 3 0 0 2 0 0 0 0 0
fn=strnlen
30 10 0 0 0 0 0 0 0 0
32 6 1 1 4 0 0 0 0 0
fl=/build/glibc-eX1tMB/glibc-2.31/string/../sysdeps/x86_64/multiarch/ifunc-memcmp.h
fn=bcmp
32 3 0 0 1 0 0 0 0 0
33 3 0 0 2 0 0 0 0 0
34 3 1 1 0 0 0 0 0 0
35 2 0 0 1 0 0 0 0 0
fl=/build/glibc-eX1tMB/glibc-2.31/string/../sysdeps/x86_64/multiarch/ifunc-memmove.h
fn=memcpy@@GLIBC_2.14
44 2 0 0 0 0 0 0 0 0
45 3 0 0 2 0 0 0 0 0
48 2 1 1 0 0 0 0 0 0
49 2 0 0 1 0 0 0 0 0
60 2 0 0 0 0 0 0 0 0
62 5 0 0 2 0 0 0 0 0
fn=memmove
44 4 0 0 0 0 0 0 0 0
45 6 0 0 4 1 0 0 0 0
48 4 0 0 0 0 0 0 0 0
49 4 0 0 2 0 0 0 0 0
60 4 0 0 0 0 0 0 0 0
62 10 1 1 4 1 0 0 0 0
fn=mempcpy
44 2 0 0 0 0 0 0 0 0
45 3 0 0 2 0 0 0 0 0
48 2 0 0 0 0 0 0 0 0
49 2 1 1 1 0 0 0 0 0
60 2 0 0 0 0 0 0 0 0
62 5 0 0 2 0 0 0 0 0
fl=/build/glibc-eX1tMB/glibc-2.31/string/../sysdeps/x86_64/multiarch/ifunc-memset.h
fn=memset
42 5 0 0 2 0 0 0 0 0
45 2 0 0 0 0 0 0 0 0
46 2 0 0 1 0 0 0 0 0
57 4 1 1 2 0 0 0 0 0
59 5 0 0 1 0 0 0 0 0
fl=/build/glibc-eX1tMB/glibc-2.31/string/../sysdeps/x86_64/multiarch/ifunc-sse4_2.h
fn=strcspn
30 5 1 1 2 0 0 0 0 0
fn=strpbrk
30 5 1 1 2 0 0 0 0 0
fn=strspn
30 5 1 1 2 0 0 0 0 0
fl=/build/glibc-eX1tMB/glibc-2.31/string/../sysdeps/x86_64/multiarch/ifunc-strcasecmp.h
fn=strcasecmp
32 4 1 1 2 0 0 0 0 0
fn=strcasecmp_l
32 4 0 0 2 0 0 0 0 0
fn=strncasecmp
32 4 0 0 2 0 0 0 0 0
fn=strncasecmp_l
32 4 0 0 2 0 0 0 0 0
fl=/build/glibc-eX1tMB/glibc-2.31/string/../sysdeps/x86_64/multiarch/ifunc-strcpy.h
fn=stpcpy
34 3 0 0 0 0 0 0 0 0
36 4 1 1 2 0 0 0 0 0
fn=stpncpy
34 3 0 0 0 0 0 0 0 0
36 4 0 0 2 0 0 0 0 0
fn=strcat
34 3 1 1 0 0 0 0 0 0
36 4 0 0 2 0 0 0 0 0
fn=strcpy
34 3 0 0 0 0 0 0 0 0
36 4 0 0 2 0 0 0 0 0
fn=strncpy
34 3 0 0 0 0 0 0 0 0
36 4 0 0 2 0 0 0 0 0
fl=/build/glibc-eX1tMB/glibc-2.31/string/../sysdeps/x86_64/multiarch/memchr.c
fn=memchr
29 2 1 1 1 0 0 0 0 0
fl=/build/glibc-eX1tMB/glibc-2.31/string/../sysdeps/x86_64/multiarch/memcmp.c
fn=bcmp
29 2 1 1 1 0 0 0 0 0
fl=/build/glibc-eX1tMB/glibc-2.31/string/../sysdeps/x86_64/multiarch/memcpy.c
fn=memcpy@@GLIBC_2.14
29 1 1 1 0 0 0 0 0 0
fl=/build/glibc-eX1tMB/glibc-2.31/string/../sysdeps/x86_64/multiarch/memmove-vec-unaligned-erms.S
fn=__memcpy_avx_unaligned_erms
232 9 0 0 0 0 0 0 0 0
233 9 0 0 0 0 0 0 0 0
277 9 1 1 0 0 0 0 0 0
278 9 0 0 0 0 0 0 0 0
280 9 0 0 0 0 0 0 0 0
281 9 0 0 0 0 0 0 0 0
282 6 0 0 0 0 0 0 0 0
283 6 0 0 0 0 0 0 0 0
284 4 0 0 0 0 0 0 0 0
285 4 0 0 0 0 0 0 0 0
286 4 0 0 0 0 0 0 0 0
287 4 0 0 4 0 0 0 0 0
288 4 0 0 0 0 0 4 0 0
290 4 0 0 4 0 0 0 0 0
312 3 0 0 3 0 0 0 0 0
313 3 0 0 3 0 0 0 0 0
314 3 1 1 0 0 0 3 1 1
315 3 0 0 0 0 0 3 0 0
316 3 0 0 3 0 0 0 0 0
319 2 0 0 2 0 0 0 0 0
320 2 0 0 2 0 0 0 0 0
321 2 0 0 0 0 0 2 0 0
322 2 0 0 0 0 0 2 0 0
323 2 0 0 2 0 0 0 0 0
fn=__mempcpy_avx_unaligned_erms
212 9 1 1 0 0 0 0 0 0
213 9 0 0 0 0 0 0 0 0
214 9 0 0 0 0 0 0 0 0
215 9 0 0 0 0 0 0 0 0
fn=memcpy
127 12 1 1 0 0 0 0 0 0
128 12 0 0 0 0 0 0 0 0
134 20 0 0 0 0 0 0 0 0
135 20 0 0 0 0 0 0 0 0
136 11 0 0 0 0 0 0 0 0
137 11 0 0 0 0 0 0 0 0
142 7 0 0 7 1 0 0 0 0
143 7 0 0 7 0 0 0 0 0
144 7 0 0 0 0 0 7 2 2
145 7 0 0 0 0 0 7 1 1
150 7 0 0 7 0 0 0 0 0
280 9 0 0 0 0 0 0 0 0
281 9 0 0 0 0 0 0 0 0
282 6 0 0 0 0 0 0 0 0
283 6 0 0 0 0 0 0 0 0
284 3 0 0 0 0 0 0 0 0
285 3 0 0 0 0 0 0 0 0
286 1 0 0 0 0 0 0 0 0
287 1 0 0 1 1 1 0 0 0
288 1 0 0 0 0 0 1 1 1
290 1 0 0 1 0 0 0 0 0
312 3 0 0 3 0 0 0 0 0
313 3 0 0 3 0 0 0 0 0
314 3 0 0 0 0 0 3 1 1
315 3 0 0 0 0 0 3 0 0
316 3 0 0 3 0 0 0 0 0
319 3 0 0 3 0 0 0 0 0
320 3 0 0 3 0 0 0 0 0
321 3 0 0 0 0 0 3 0 0
322 3 0 0 0 0 0 3 0 0
323 3 0 0 3 0 0 0 0 0
326 2 1 1 2 1 1 0 0 0
327 2 0 0 2 0 0 0 0 0
328 2 0 0 0 0 0 2 1 1
329 2 0 0 0 0 0 2 0 0
330 2 0 0 2 0 0 0 0 0
340 4 0 0 0 0 0 0 0 0
341 4 0 0 0 0 0 0 0 0
342 4 0 0 0 0 0 0 0 0
343 4 0 0 0 0 0 0 0 0
345 4 0 0 4 0 0 0 0 0
346 4 0 0 4 0 0 0 0 0
347 4 1 1 4 0 0 0 0 0
348 4 0 0 4 0 0 0 0 0
349 4 0 0 4 0 0 0 0 0
350 4 0 0 4 0 0 0 0 0
351 4 0 0 4 0 0 0 0 0
352 4 0 0 4 0 0 0 0 0
353 4 0 0 0 0 0 4 1 1
354 4 0 0 0 0 0 4 0 0
355 4 0 0 0 0 0 4 0 0
356 4 0 0 0 0 0 4 3 3
357 4 0 0 0 0 0 4 1 1
358 4 0 0 0 0 0 4 0 0
359 4 0 0 0 0 0 4 0 0
360 4 0 0 0 0 0 4 0 0
362 4 0 0 4 0 0 0 0 0
fn=mempcpy
114 8 2 1 0 0 0 0 0 0
115 8 0 0 0 0 0 0 0 0
116 8 0 0 0 0 0 0 0 0
117 8 0 0 0 0 0 0 0 0
fl=/build/glibc-eX1tMB/glibc-2.31/string/../sysdeps/x86_64/multiarch/memmove.c
fn=memmove
29 2 1 1 0 0 0 0 0 0
fl=/build/glibc-eX1tMB/glibc-2.31/string/../sysdeps/x86_64/multiarch/mempcpy.c
fn=mempcpy
33 1 1 1 0 0 0 0 0 0
fl=/build/glibc-eX1tMB/glibc-2.31/string/../sysdeps/x86_64/multiarch/memrchr.c
fn=memrchr
29 2 1 1 1 0 0 0 0 0
fl=/build/glibc-eX1tMB/glibc-2.31/string/../sysdeps/x86_64/multiarch/memset-vec-unaligned-erms.S
fn=memset
108 13 1 1 0 0 0 0 0 0
109 65 3 2 0 0 0 0 0 0
115 13 0 0 0 0 0 0 0 0
116 13 0 0 0 0 0 0 0 0
117 6 0 0 0 0 0 0 0 0
118 6 0 0 0 0 0 0 0 0
120 4 0 0 0 0 0 4 2 2
121 4 0 0 0 0 0 4 0 0
123 4 0 0 4 0 0 0 0 0
188 2 0 0 0 0 0 0 0 0
189 2 0 0 0 0 0 0 0 0
199 2 1 1 0 0 0 0 0 0
200 2 0 0 0 0 0 2 2 2
201 2 0 0 0 0 0 0 0 0
202 2 0 0 0 0 0 2 2 2
203 2 0 0 0 0 0 2 0 0
204 2 0 0 0 0 0 2 0 0
205 2 0 0 0 0 0 2 0 0
206 2 0 0 0 0 0 2 0 0
207 2 0 0 0 0 0 2 1 1
208 2 0 0 0 0 0 2 0 0
209 2 0 0 0 0 0 0 0 0
210 2 0 0 0 0 0 0 0 0
211 2 0 0 0 0 0 0 0 0
212 2 0 0 0 0 0 0 0 0
214 40 1 0 0 0 0 40 37 37
215 40 0 0 0 0 0 40 0 0
216 40 0 0 0 0 0 40 0 0
217 40 0 0 0 0 0 40 0 0
218 40 0 0 0 0 0 0 0 0
219 40 0 0 0 0 0 0 0 0
220 40 0 0 0 0 0 0 0 0
221 2 0 0 2 0 0 0 0 0
236 7 1 1 0 0 0 0 0 0
237 7 0 0 0 0 0 0 0 0
238 7 0 0 0 0 0 0 0 0
239 6 0 0 0 0 0 0 0 0
240 6 0 0 0 0 0 0 0 0
241 2 0 0 0 0 0 0 0 0
242 2 0 0 0 0 0 0 0 0
266 1 0 0 0 0 0 1 1 1
267 1 0 0 0 0 0 1 0 0
269 1 0 0 1 0 0 0 0 0
272 4 2 2 0 0 0 4 0 0
273 4 0 0 0 0 0 4 0 0
275 4 0 0 4 0 0 0 0 0
278 2 0 0 0 0 0 2 0 0
279 2 0 0 0 0 0 2 0 0
281 2 0 0 2 0 0 0 0 0
fl=/build/glibc-eX1tMB/glibc-2.31/string/../sysdeps/x86_64/multiarch/memset.c
fn=memset
29 1 1 1 0 0 0 0 0 0
fl=/build/glibc-eX1tMB/glibc-2.31/string/../sysdeps/x86_64/multiarch/rawmemchr.c
fn=rawmemchr
31 2 1 1 1 0 0 0 0 0
fl=/build/glibc-eX1tMB/glibc-2.31/string/../sysdeps/x86_64/multiarch/stpcpy.c
fn=stpcpy
33 2 1 1 1 0 0 0 0 0
fl=/build/glibc-eX1tMB/glibc-2.31/string/../sysdeps/x86_64/multiarch/stpncpy.c
fn=stpncpy
31 2 1 1 1 0 0 0 0 0
fl=/build/glibc-eX1tMB/glibc-2.31/string/../sysdeps/x86_64/multiarch/strcasecmp.c
fn=strcasecmp
31 2 1 1 1 0 0 0 0 0
fl=/build/glibc-eX1tMB/glibc-2.31/string/../sysdeps/x86_64/multiarch/strcasecmp_l.c
fn=strcasecmp_l
31 2 1 1 1 0 0 0 0 0
fl=/build/glibc-eX1tMB/glibc-2.31/string/../sysdeps/x86_64/multiarch/strcat.c
fn=strcat
29 2 1 1 1 0 0 0 0 0
fl=/build/glibc-eX1tMB/glibc-2.31/string/../sysdeps/x86_64/multiarch/strchr-avx2.S
fn=__strchrnul_avx2
44 6 1 1 0 0 0 0 0 0
45 6 0 0 0 0 0 0 0 0
47 6 0 0 0 0 0 0 0 0
48 6 0 0 0 0 0 0 0 0
49 6 0 0 0 0 0 0 0 0
51 6 0 0 0 0 0 0 0 0
52 6 0 0 0 0 0 0 0 0
53 6 0 0 0 0 0 0 0 0
57 4 0 0 4 2 2 0 0 0
58 4 1 1 0 0 0 0 0 0
59 4 0 0 0 0 0 0 0 0
60 4 0 0 0 0 0 0 0 0
61 4 0 0 0 0 0 0 0 0
62 4 0 0 0 0 0 0 0 0
63 4 0 0 0 0 0 0 0 0
74 2 0 0 0 0 0 0 0 0
75 2 0 0 0 0 0 0 0 0
76 2 0 0 2 0 0 0 0 0
77 2 0 0 0 0 0 0 0 0
78 2 1 1 0 0 0 0 0 0
79 2 0 0 0 0 0 0 0 0
80 2 0 0 0 0 0 0 0 0
82 2 0 0 0 0 0 0 0 0
83 2 0 0 0 0 0 0 0 0
84 2 0 0 0 0 0 0 0 0
86 2 0 0 0 0 0 0 0 0
87 2 0 0 0 0 0 0 0 0
89 2 0 0 0 0 0 0 0 0
96 2 0 0 0 0 0 0 0 0
97 2 0 0 2 0 0 0 0 0
184 4 1 1 0 0 0 0 0 0
186 4 0 0 0 0 0 0 0 0
193 4 0 0 0 0 0 0 0 0
194 4 0 0 4 0 0 0 0 0
fl=/build/glibc-eX1tMB/glibc-2.31/string/../sysdeps/x86_64/multiarch/strchr.c
fn=index
38 3 0 0 0 0 0 0 0 0
40 4 0 0 2 0 0 0 0 0
49 2 1 1 1 0 0 0 0 0
fl=/build/glibc-eX1tMB/glibc-2.31/string/../sysdeps/x86_64/multiarch/strchrnul.c
fn=strchrnul
31 2 0 0 1 0 0 0 0 0
fl=/build/glibc-eX1tMB/glibc-2.31/string/../sysdeps/x86_64/multiarch/strcmp.c
fn=strcmp
39 3 1 1 0 0 0 0 0 0
41 4 0 0 2 0 0 0 0 0
53 2 1 1 1 0 0 0 0 0
fl=/build/glibc-eX1tMB/glibc-2.31/string/../sysdeps/x86_64/multiarch/strcpy.c
fn=strcpy
29 2 1 1 1 0 0 0 0 0
fl=/build/glibc-eX1tMB/glibc-2.31/string/../sysdeps/x86_64/multiarch/strcspn.c
fn=strcspn
29 2 1 1 1 0 0 0 0 0
fl=/build/glibc-eX1tMB/glibc-2.31/string/../sysdeps/x86_64/multiarch/strlen.c
fn=strlen
29 2 1 1 1 0 0 0 0 0
fl=/build/glibc-eX1tMB/glibc-2.31/string/../sysdeps/x86_64/multiarch/strncase.c
fn=strncasecmp
31 2 2 2 1 0 0 0 0 0
fl=/build/glibc-eX1tMB/glibc-2.31/string/../sysdeps/x86_64/multiarch/strncase_l.c
fn=strncasecmp_l
31 2 1 1 1 0 0 0 0 0
fl=/build/glibc-eX1tMB/glibc-2.31/string/../sysdeps/x86_64/multiarch/strncmp.c
fn=strncmp
39 3 1 1 0 0 0 0 0 0
41 4 0 0 2 0 0 0 0 0
54 2 1 1 1 0 0 0 0 0
fl=/build/glibc-eX1tMB/glibc-2.31/string/../sysdeps/x86_64/multiarch/strncpy.c
fn=strncpy
29 2 2 2 1 0 0 0 0 0
fl=/build/glibc-eX1tMB/glibc-2.31/string/../sysdeps/x86_64/multiarch/strnlen.c
fn=strnlen
31 4 1 1 2 0 0 0 0 0
fl=/build/glibc-eX1tMB/glibc-2.31/string/../sysdeps/x86_64/multiarch/strpbrk.c
fn=strpbrk
29 2 0 0 1 0 0 0 0 0
fl=/build/glibc-eX1tMB/glibc-2.31/string/../sysdeps/x86_64/multiarch/strrchr-avx2.S
fn=__strrchr_avx2
42 1 1 1 0 0 0 0 0 0
43 1 0 0 0 0 0 0 0 0
44 1 0 0 0 0 0 0 0 0
46 1 0 0 0 0 0 0 0 0
47 1 0 0 0 0 0 0 0 0
50 1 0 0 0 0 0 0 0 0
51 1 0 0 0 0 0 0 0 0
52 1 0 0 0 0 0 0 0 0
85 1 1 1 0 0 0 0 0 0
86 1 0 0 0 0 0 0 0 0
87 1 0 0 1 1 0 0 0 0
88 1 0 0 0 0 0 0 0 0
89 1 0 0 0 0 0 0 0 0
90 1 0 0 0 0 0 0 0 0
91 1 0 0 0 0 0 0 0 0
92 1 0 0 0 0 0 0 0 0
93 1 0 0 0 0 0 0 0 0
94 1 0 0 0 0 0 0 0 0
97 1 0 0 0 0 0 0 0 0
98 1 0 0 0 0 0 0 0 0
107 1 1 1 0 0 0 0 0 0
108 1 0 0 0 0 0 0 0 0
207 1 1 1 0 0 0 0 0 0
208 1 0 0 0 0 0 0 0 0
216 1 0 0 0 0 0 0 0 0
217 1 0 0 0 0 0 0 0 0
218 1 0 0 0 0 0 0 0 0
219 1 0 0 0 0 0 0 0 0
220 1 0 0 0 0 0 0 0 0
222 1 0 0 0 0 0 0 0 0
223 1 0 0 0 0 0 0 0 0
224 1 0 0 0 0 0 0 0 0
225 1 1 1 0 0 0 0 0 0
226 1 0 0 1 0 0 0 0 0
fl=/build/glibc-eX1tMB/glibc-2.31/string/../sysdeps/x86_64/multiarch/strrchr.c
fn=rindex
28 2 0 0 1 0 0 0 0 0
fl=/build/glibc-eX1tMB/glibc-2.31/string/../sysdeps/x86_64/multiarch/strspn.c
fn=strspn
29 2 1 1 1 0 0 0 0 0
fl=/build/glibc-eX1tMB/glibc-2.31/string/../sysdeps/x86_64/strcmp.S
fn=strcmp
111 151 1 1 0 0 0 0 0 0
144 151 0 0 0 0 0 0 0 0
145 151 0 0 0 0 0 0 0 0
147 151 0 0 0 0 0 0 0 0
148 151 0 0 0 0 0 0 0 0
169 151 1 1 0 0 0 0 0 0
170 151 0 0 0 0 0 0 0 0
171 146 0 0 0 0 0 0 0 0
172 146 0 0 0 0 0 0 0 0
173 141 0 0 141 15 10 0 0 0
174 141 0 0 141 2 1 0 0 0
175 141 0 0 141 0 0 0 0 0
176 141 0 0 141 0 0 0 0 0
197 141 0 0 0 0 0 0 0 0
198 141 0 0 0 0 0 0 0 0
199 141 0 0 0 0 0 0 0 0
200 141 0 0 0 0 0 0 0 0
201 141 0 0 0 0 0 0 0 0
202 141 0 0 0 0 0 0 0 0
203 141 0 0 0 0 0 0 0 0
208 7 0 0 0 0 0 0 0 0
209 21 1 1 0 0 0 0 0 0
218 17 0 0 0 0 0 0 0 0
219 17 0 0 0 0 0 0 0 0
220 17 0 0 0 0 0 0 0 0
221 17 0 0 0 0 0 0 0 0
222 17 0 0 0 0 0 0 0 0
223 17 0 0 0 0 0 0 0 0
224 17 0 0 0 0 0 0 0 0
225 17 0 0 0 0 0 0 0 0
226 15 0 0 0 0 0 0 0 0
227 9 0 0 0 0 0 0 0 0
228 9 0 0 0 0 0 0 0 0
229 9 0 0 0 0 0 0 0 0
231 15 0 0 0 0 0 0 0 0
232 15 0 0 0 0 0 0 0 0
233 15 1 1 0 0 0 0 0 0
234 15 0 0 15 3 2 0 0 0
235 15 0 0 0 0 0 0 0 0
236 15 0 0 0 0 0 0 0 0
246 2 0 0 2 0 0 0 0 0
247 2 0 0 0 0 0 0 0 0
248 2 0 0 0 0 0 0 0 0
250 2 0 0 2 1 0 0 0 0
256 2 0 0 0 0 0 0 0 0
257 2 0 0 0 0 0 0 0 0
258 2 0 0 0 0 0 0 0 0
259 2 0 0 0 0 0 0 0 0
260 2 0 0 0 0 0 0 0 0
265 2 0 0 0 0 0 0 0 0
267 1 0 0 0 0 0 0 0 0
268 1 1 1 0 0 0 0 0 0
269 2 0 0 0 0 0 0 0 0
277 1 0 0 1 0 0 0 0 0
278 1 0 0 1 0 0 0 0 0
281 1 0 0 0 0 0 0 0 0
282 1 0 0 0 0 0 0 0 0
283 1 0 0 0 0 0 0 0 0
284 1 0 0 0 0 0 0 0 0
285 1 0 0 0 0 0 0 0 0
286 1 0 0 0 0 0 0 0 0
571 1 1 1 0 0 0 0 0 0
572 1 0 0 1 0 0 0 0 0
573 1 0 0 1 0 0 0 0 0
574 1 0 0 0 0 0 0 0 0
575 1 1 1 0 0 0 0 0 0
577 1 0 0 0 0 0 0 0 0
578 1 0 0 0 0 0 0 0 0
579 1 0 0 0 0 0 0 0 0
580 1 0 0 0 0 0 0 0 0
581 1 0 0 0 0 0 0 0 0
582 1 0 0 0 0 0 0 0 0
583 1 0 0 0 0 0 0 0 0
584 1 0 0 1 0 0 0 0 0
588 1 0 0 0 0 0 0 0 0
589 1 0 0 0 0 0 0 0 0
590 1 0 0 0 0 0 0 0 0
596 1 0 0 0 0 0 0 0 0
597 1 0 0 0 0 0 0 0 0
598 2 1 1 0 0 0 0 0 0
602 1 0 0 0 0 0 0 0 0
603 1 0 0 0 0 0 0 0 0
606 1 0 0 1 0 0 0 0 0
607 1 0 0 1 0 0 0 0 0
608 1 0 0 0 0 0 0 0 0
611 1 0 0 0 0 0 0 0 0
612 1 0 0 0 0 0 0 0 0
613 1 0 0 0 0 0 0 0 0
619 1 0 0 0 0 0 0 0 0
620 1 0 0 0 0 0 0 0 0
621 1 1 1 0 0 0 0 0 0
622 1 0 0 0 0 0 0 0 0
623 1 0 0 0 0 0 0 0 0
624 1 0 0 0 0 0 0 0 0
821 1 1 1 0 0 0 0 0 0
822 1 0 0 1 0 0 0 0 0
823 1 0 0 1 0 0 0 0 0
824 1 0 0 0 0 0 0 0 0
825 1 1 1 0 0 0 0 0 0
827 1 0 0 0 0 0 0 0 0
828 1 0 0 0 0 0 0 0 0
829 1 0 0 0 0 0 0 0 0
830 1 0 0 0 0 0 0 0 0
831 1 0 0 0 0 0 0 0 0
832 1 0 0 0 0 0 0 0 0
833 1 0 0 0 0 0 0 0 0
834 1 0 0 1 0 0 0 0 0
838 1 0 0 0 0 0 0 0 0
839 1 0 0 0 0 0 0 0 0
840 1 0 0 0 0 0 0 0 0
846 1 0 0 0 0 0 0 0 0
847 1 0 0 0 0 0 0 0 0
848 2 1 1 0 0 0 0 0 0
852 1 0 0 0 0 0 0 0 0
853 1 0 0 0 0 0 0 0 0
856 1 0 0 1 0 0 0 0 0
857 1 0 0 1 1 1 0 0 0
858 1 0 0 0 0 0 0 0 0
861 1 0 0 0 0 0 0 0 0
862 1 0 0 0 0 0 0 0 0
863 1 0 0 0 0 0 0 0 0
869 1 0 0 0 0 0 0 0 0
870 1 0 0 0 0 0 0 0 0
871 1 1 1 0 0 0 0 0 0
872 1 0 0 0 0 0 0 0 0
873 1 0 0 0 0 0 0 0 0
874 1 0 0 0 0 0 0 0 0
946 1 1 1 0 0 0 0 0 0
947 1 0 0 1 0 0 0 0 0
948 1 0 0 1 1 0 0 0 0
949 1 0 0 0 0 0 0 0 0
950 1 1 1 0 0 0 0 0 0
952 1 0 0 0 0 0 0 0 0
953 1 0 0 0 0 0 0 0 0
954 1 0 0 0 0 0 0 0 0
955 1 0 0 0 0 0 0 0 0
956 1 0 0 0 0 0 0 0 0
957 1 0 0 0 0 0 0 0 0
958 1 0 0 0 0 0 0 0 0
959 1 0 0 1 0 0 0 0 0
963 1 0 0 0 0 0 0 0 0
964 1 0 0 0 0 0 0 0 0
965 1 0 0 0 0 0 0 0 0
971 1 0 0 0 0 0 0 0 0
972 1 0 0 0 0 0 0 0 0
973 2 1 1 0 0 0 0 0 0
977 1 0 0 0 0 0 0 0 0
978 1 0 0 0 0 0 0 0 0
981 1 0 0 1 0 0 0 0 0
982 1 0 0 1 0 0 0 0 0
983 1 0 0 0 0 0 0 0 0
986 1 0 0 0 0 0 0 0 0
987 1 0 0 0 0 0 0 0 0
988 1 0 0 0 0 0 0 0 0
994 1 0 0 0 0 0 0 0 0
995 1 0 0 0 0 0 0 0 0
996 1 1 1 0 0 0 0 0 0
997 1 0 0 0 0 0 0 0 0
998 1 0 0 0 0 0 0 0 0
999 1 0 0 0 0 0 0 0 0
1071 1 1 1 0 0 0 0 0 0
1072 1 0 0 1 0 0 0 0 0
1073 1 0 0 1 0 0 0 0 0
1074 1 0 0 0 0 0 0 0 0
1075 1 1 1 0 0 0 0 0 0
1077 1 0 0 0 0 0 0 0 0
1078 1 0 0 0 0 0 0 0 0
1079 1 0 0 0 0 0 0 0 0
1080 1 0 0 0 0 0 0 0 0
1081 1 0 0 0 0 0 0 0 0
1082 1 0 0 0 0 0 0 0 0
1083 1 0 0 0 0 0 0 0 0
1321 3 1 1 0 0 0 0 0 0
1322 3 0 0 3 1 1 0 0 0
1323 3 0 0 3 0 0 0 0 0
1324 3 0 0 0 0 0 0 0 0
1325 3 1 1 0 0 0 0 0 0
1327 3 0 0 0 0 0 0 0 0
1328 3 0 0 0 0 0 0 0 0
1329 3 0 0 0 0 0 0 0 0
1330 3 0 0 0 0 0 0 0 0
1331 3 0 0 0 0 0 0 0 0
1332 3 0 0 0 0 0 0 0 0
1333 3 0 0 0 0 0 0 0 0
1334 2 0 0 2 0 0 0 0 0
1338 2 0 0 0 0 0 0 0 0
1339 2 0 0 0 0 0 0 0 0
1340 2 0 0 0 0 0 0 0 0
1346 2 0 0 0 0 0 0 0 0
1347 2 0 0 0 0 0 0 0 0
1348 4 1 1 0 0 0 0 0 0
1352 2 0 0 0 0 0 0 0 0
1353 2 0 0 0 0 0 0 0 0
1356 2 0 0 2 1 1 0 0 0
1357 2 0 0 2 1 1 0 0 0
1358 2 0 0 0 0 0 0 0 0
1361 2 0 0 0 0 0 0 0 0
1362 2 0 0 0 0 0 0 0 0
1363 2 0 0 0 0 0 0 0 0
1369 2 0 0 0 0 0 0 0 0
1370 2 0 0 0 0 0 0 0 0
1371 2 1 1 0 0 0 0 0 0
1372 2 0 0 0 0 0 0 0 0
1373 2 0 0 0 0 0 0 0 0
1374 2 0 0 0 0 0 0 0 0
1446 1 1 1 0 0 0 0 0 0
1447 1 0 0 1 0 0 0 0 0
1448 1 0 0 1 1 1 0 0 0
1449 1 0 0 0 0 0 0 0 0
1450 1 1 1 0 0 0 0 0 0
1452 1 0 0 0 0 0 0 0 0
1453 1 0 0 0 0 0 0 0 0
1454 1 0 0 0 0 0 0 0 0
1455 1 0 0 0 0 0 0 0 0
1456 1 0 0 0 0 0 0 0 0
1457 1 0 0 0 0 0 0 0 0
1458 1 0 0 0 0 0 0 0 0
1459 1 0 0 1 0 0 0 0 0
1463 1 0 0 0 0 0 0 0 0
1464 1 0 0 0 0 0 0 0 0
1465 1 0 0 0 0 0 0 0 0
1471 1 0 0 0 0 0 0 0 0
1472 1 0 0 0 0 0 0 0 0
1473 2 1 1 0 0 0 0 0 0
1477 1 0 0 0 0 0 0 0 0
1478 1 0 0 0 0 0 0 0 0
1481 1 0 0 1 1 1 0 0 0
1482 1 0 0 1 0 0 0 0 0
1483 1 0 0 0 0 0 0 0 0
1486 1 0 0 0 0 0 0 0 0
1487 1 0 0 0 0 0 0 0 0
1488 1 0 0 0 0 0 0 0 0
1494 1 0 0 0 0 0 0 0 0
1495 1 0 0 0 0 0 0 0 0
1496 1 1 1 0 0 0 0 0 0
1497 1 0 0 0 0 0 0 0 0
1498 1 0 0 0 0 0 0 0 0
1499 1 0 0 0 0 0 0 0 0
1571 2 1 1 0 0 0 0 0 0
1572 2 0 0 2 0 0 0 0 0
1573 2 0 0 2 0 0 0 0 0
1574 2 0 0 0 0 0 0 0 0
1575 2 1 1 0 0 0 0 0 0
1577 2 0 0 0 0 0 0 0 0
1578 2 0 0 0 0 0 0 0 0
1579 2 0 0 0 0 0 0 0 0
1580 2 0 0 0 0 0 0 0 0
1581 2 0 0 0 0 0 0 0 0
1582 2 0 0 0 0 0 0 0 0
1583 2 0 0 0 0 0 0 0 0
1696 2 1 1 0 0 0 0 0 0
1697 2 0 0 2 0 0 0 0 0
1698 2 0 0 2 1 1 0 0 0
1699 2 0 0 0 0 0 0 0 0
1700 2 1 1 0 0 0 0 0 0
1702 2 0 0 0 0 0 0 0 0
1703 2 0 0 0 0 0 0 0 0
1704 2 0 0 0 0 0 0 0 0
1705 2 0 0 0 0 0 0 0 0
1706 2 0 0 0 0 0 0 0 0
1707 2 0 0 0 0 0 0 0 0
1708 2 0 0 0 0 0 0 0 0
1709 2 0 0 2 0 0 0 0 0
1713 2 0 0 0 0 0 0 0 0
1714 2 0 0 0 0 0 0 0 0
1715 2 0 0 0 0 0 0 0 0
1721 2 0 0 0 0 0 0 0 0
1722 2 0 0 0 0 0 0 0 0
1723 4 1 1 0 0 0 0 0 0
1727 2 0 0 0 0 0 0 0 0
1728 2 0 0 0 0 0 0 0 0
1731 2 0 0 2 1 1 0 0 0
1732 2 0 0 2 1 1 0 0 0
1733 2 0 0 0 0 0 0 0 0
1736 2 0 0 0 0 0 0 0 0
1737 2 0 0 0 0 0 0 0 0
1738 2 0 0 0 0 0 0 0 0
1744 2 0 0 0 0 0 0 0 0
1745 2 0 0 0 0 0 0 0 0
1746 2 1 1 0 0 0 0 0 0
1747 2 0 0 0 0 0 0 0 0
1748 2 0 0 0 0 0 0 0 0
1749 2 0 0 0 0 0 0 0 0
1756 1 0 0 0 0 0 0 0 0
1757 1 0 0 0 0 0 0 0 0
1759 1 0 0 0 0 0 0 0 0
1760 1 0 0 0 0 0 0 0 0
1762 1 0 0 1 0 0 0 0 0
1763 1 0 0 1 0 0 0 0 0
1764 1 0 0 0 0 0 0 0 0
1767 1 0 0 0 0 0 0 0 0
1768 1 0 0 0 0 0 0 0 0
1769 1 0 0 0 0 0 0 0 0
1775 1 0 0 0 0 0 0 0 0
1776 1 1 1 0 0 0 0 0 0
1777 1 0 0 0 0 0 0 0 0
1778 1 0 0 0 0 0 0 0 0
1779 1 0 0 0 0 0 0 0 0
1780 1 0 0 0 0 0 0 0 0
1821 1 1 1 0 0 0 0 0 0
1822 1 0 0 1 0 0 0 0 0
1823 1 0 0 1 1 1 0 0 0
1824 1 0 0 0 0 0 0 0 0
1825 1 1 1 0 0 0 0 0 0
1827 1 0 0 0 0 0 0 0 0
1828 1 0 0 0 0 0 0 0 0
1829 1 0 0 0 0 0 0 0 0
1830 1 0 0 0 0 0 0 0 0
1831 1 0 0 0 0 0 0 0 0
1832 1 0 0 0 0 0 0 0 0
1833 1 0 0 0 0 0 0 0 0
1834 1 0 0 1 0 0 0 0 0
1838 1 0 0 0 0 0 0 0 0
1839 1 0 0 0 0 0 0 0 0
1840 1 0 0 0 0 0 0 0 0
1846 1 0 0 0 0 0 0 0 0
1847 1 0 0 0 0 0 0 0 0
1848 2 1 1 0 0 0 0 0 0
1852 1 0 0 0 0 0 0 0 0
1853 1 0 0 0 0 0 0 0 0
1856 1 0 0 1 1 1 0 0 0
1857 1 0 0 1 0 0 0 0 0
1858 1 0 0 0 0 0 0 0 0
1861 1 0 0 0 0 0 0 0 0
1862 1 0 0 0 0 0 0 0 0
1863 1 0 0 0 0 0 0 0 0
1869 1 0 0 0 0 0 0 0 0
1870 1 0 0 0 0 0 0 0 0
1871 1 1 1 0 0 0 0 0 0
1872 1 0 0 0 0 0 0 0 0
1873 1 0 0 0 0 0 0 0 0
1874 1 0 0 0 0 0 0 0 0
1881 1 0 0 0 0 0 0 0 0
1882 1 0 0 0 0 0 0 0 0
1884 1 0 0 0 0 0 0 0 0
1885 1 0 0 0 0 0 0 0 0
1887 1 0 0 1 0 0 0 0 0
1888 1 0 0 1 1 1 0 0 0
1889 1 0 0 0 0 0 0 0 0
1892 1 0 0 0 0 0 0 0 0
1893 1 0 0 0 0 0 0 0 0
1894 1 0 0 0 0 0 0 0 0
1900 1 0 0 0 0 0 0 0 0
1901 1 1 1 0 0 0 0 0 0
1902 1 0 0 0 0 0 0 0 0
1903 1 0 0 0 0 0 0 0 0
1904 1 0 0 0 0 0 0 0 0
1905 1 0 0 0 0 0 0 0 0
1946 1 1 1 0 0 0 0 0 0
1947 1 0 0 1 0 0 0 0 0
1948 1 0 0 1 1 1 0 0 0
1949 1 0 0 0 0 0 0 0 0
1950 1 1 1 0 0 0 0 0 0
1952 1 0 0 0 0 0 0 0 0
1953 1 0 0 0 0 0 0 0 0
1954 1 0 0 0 0 0 0 0 0
1955 1 0 0 0 0 0 0 0 0
1956 1 0 0 0 0 0 0 0 0
1957 1 0 0 0 0 0 0 0 0
1958 1 0 0 0 0 0 0 0 0
1959 1 0 0 1 0 0 0 0 0
1963 1 0 0 0 0 0 0 0 0
1964 1 0 0 0 0 0 0 0 0
1965 1 0 0 0 0 0 0 0 0
1971 1 0 0 0 0 0 0 0 0
1972 1 0 0 0 0 0 0 0 0
1973 2 1 1 0 0 0 0 0 0
1977 1 0 0 0 0 0 0 0 0
1978 1 0 0 0 0 0 0 0 0
1981 1 0 0 1 1 1 0 0 0
1982 1 0 0 1 0 0 0 0 0
1983 1 0 0 0 0 0 0 0 0
1986 1 0 0 0 0 0 0 0 0
1987 1 0 0 0 0 0 0 0 0
1988 1 0 0 0 0 0 0 0 0
1994 1 0 0 0 0 0 0 0 0
1995 1 0 0 0 0 0 0 0 0
1996 1 1 1 0 0 0 0 0 0
1997 1 0 0 0 0 0 0 0 0
1998 1 0 0 0 0 0 0 0 0
1999 1 0 0 0 0 0 0 0 0
2071 1 1 1 0 0 0 0 0 0
2072 1 0 0 1 0 0 0 0 0
2073 1 0 0 1 0 0 0 0 0
2074 1 0 0 0 0 0 0 0 0
2075 1 1 1 0 0 0 0 0 0
2077 1 0 0 0 0 0 0 0 0
2078 1 0 0 0 0 0 0 0 0
2079 1 0 0 0 0 0 0 0 0
2080 1 0 0 0 0 0 0 0 0
2081 1 0 0 0 0 0 0 0 0
2082 1 0 0 0 0 0 0 0 0
2083 1 0 0 0 0 0 0 0 0
2200 11 0 0 0 0 0 0 0 0
2202 17 1 1 0 0 0 0 0 0
2203 17 0 0 0 0 0 0 0 0
2204 17 0 0 0 0 0 0 0 0
2205 17 0 0 0 0 0 0 0 0
2206 18 0 0 0 0 0 0 0 0
2211 151 1 1 0 0 0 0 0 0
2217 151 0 0 151 0 0 0 0 0
2218 151 0 0 151 0 0 0 0 0
2226 151 0 0 0 0 0 0 0 0
2227 151 0 0 151 0 0 0 0 0
fl=/build/glibc-eX1tMB/glibc-2.31/string/../sysdeps/x86_64/strcspn.S
fn=strcspn
28 1 1 1 0 0 0 0 0 0
30 1 0 0 0 0 0 0 0 0
37 1 0 0 0 0 0 0 0 0
38 1 0 0 0 0 0 0 0 0
40 1 0 0 0 0 0 0 0 0
41 1 0 0 0 0 0 0 0 0
42 1 0 0 0 0 0 0 0 0
43 1 0 0 0 0 0 0 0 0
44 33 0 0 0 0 0 32 4 4
47 3 0 0 0 0 0 0 0 0
54 1 0 0 1 1 1 0 0 0
55 1 0 0 0 0 0 0 0 0
56 1 0 0 0 0 0 0 0 0
57 1 0 0 0 0 0 1 0 0
59 1 0 0 1 0 0 0 0 0
60 1 0 0 0 0 0 0 0 0
61 1 1 1 0 0 0 0 0 0
62 1 0 0 0 0 0 1 0 0
64 1 0 0 1 0 0 0 0 0
65 1 0 0 0 0 0 0 0 0
66 1 0 0 0 0 0 0 0 0
75 3 0 0 0 0 0 0 0 0
87 18 0 0 0 0 0 0 0 0
89 18 0 0 18 0 0 0 0 0
90 18 0 0 18 0 0 0 0 0
91 18 0 0 0 0 0 0 0 0
93 17 0 0 17 0 0 0 0 0
94 17 0 0 17 0 0 0 0 0
95 17 0 0 0 0 0 0 0 0
97 17 0 0 17 1 1 0 0 0
98 17 0 0 17 0 0 0 0 0
99 17 0 0 0 0 0 0 0 0
101 17 0 0 17 0 0 0 0 0
102 17 0 0 17 0 0 0 0 0
103 17 0 0 0 0 0 0 0 0
109 1 0 0 0 0 0 0 0 0
116 1 0 0 0 0 0 0 0 0
120 1 0 0 1 0 0 0 0 0
fl=/build/glibc-eX1tMB/glibc-2.31/string/strdup.c
fn=strdup
40 10 1 1 0 0 0 4 1 1
41 4 0 0 0 0 0 2 0 0
42 4 0 0 0 0 0 2 0 0
44 4 0 0 0 0 0 0 0 0
47 8 0 0 0 0 0 0 0 0
48 6 0 0 4 0 0 0 0 0
fl=/build/glibc-eX1tMB/glibc-2.31/time/../sysdeps/unix/sysv/linux/dl-vdso.h
fn=gettimeofday
40 2 0 0 2 1 0 0 0 0
41 2 0 0 0 0 0 0 0 0
fn=time
40 2 1 1 2 0 0 0 0 0
41 2 0 0 0 0 0 0 0 0
fl=/build/glibc-eX1tMB/glibc-2.31/time/../sysdeps/unix/sysv/linux/gettimeofday.c
fn=__gettimeofday_syscall
32 2 0 0 0 0 0 0 0 0
33 4 0 0 0 0 0 0 0 0
35 8 0 0 0 0 0 0 0 0
36 2 0 0 2 0 0 0 0 0
fn=gettimeofday
41 3 2 2 1 0 0 0 0 0
fl=/build/glibc-eX1tMB/glibc-2.31/time/../sysdeps/unix/sysv/linux/time.c
fn=time
38 3 2 2 1 0 0 0 0 0
fn=time_syscall
31 1 0 0 0 0 0 0 0 0
32 4 0 0 0 0 0 0 0 0
33 1 0 0 1 0 0 0 0 0
fl=/build/glibc-eX1tMB/glibc-2.31/wcsmbs/../sysdeps/x86_64/multiarch/ifunc-avx2.h
fn=wcschr
30 10 0 0 0 0 0 0 0 0
32 6 0 0 4 0 0 0 0 0
fn=wcscmp
30 6 1 1 1 0 0 0 0 0
32 3 0 0 2 0 0 0 0 0
fn=wcslen
30 5 0 0 0 0 0 0 0 0
32 3 1 1 2 0 0 0 0 0
fn=wmemchr
30 10 1 1 0 0 0 0 0 0
32 6 0 0 4 0 0 0 0 0
fl=/build/glibc-eX1tMB/glibc-2.31/wcsmbs/../sysdeps/x86_64/multiarch/ifunc-memcmp.h
fn=wmemcmp
32 3 1 1 1 0 0 0 0 0
33 3 0 0 2 0 0 0 0 0
34 3 0 0 0 0 0 0 0 0
35 2 0 0 1 0 0 0 0 0
fl=/build/glibc-eX1tMB/glibc-2.31/wcsmbs/../sysdeps/x86_64/multiarch/ifunc-wmemset.h
fn=wmemset
30 6 0 0 0 0 0 0 0 0
32 10 1 1 4 0 0 0 0 0
34 8 1 1 0 0 0 0 0 0
35 4 0 0 0 0 0 0 0 0
fl=/build/glibc-eX1tMB/glibc-2.31/wcsmbs/../sysdeps/x86_64/multiarch/wcschr.c
fn=wcschr
31 4 1 1 2 0 0 0 0 0
fl=/build/glibc-eX1tMB/glibc-2.31/wcsmbs/../sysdeps/x86_64/multiarch/wcscmp.c
fn=wcscmp
30 1 1 1 0 0 0 0 0 0
fl=/build/glibc-eX1tMB/glibc-2.31/wcsmbs/../sysdeps/x86_64/multiarch/wcscpy.c
fn=wcscpy
37 5 1 1 2 0 0 0 0 0
43 2 0 0 1 0 0 0 0 0
fl=/build/glibc-eX1tMB/glibc-2.31/wcsmbs/../sysdeps/x86_64/multiarch/wcslen.c
fn=wcslen
29 2 1 1 1 0 0 0 0 0
fl=/build/glibc-eX1tMB/glibc-2.31/wcsmbs/../sysdeps/x86_64/multiarch/wcsnlen.c
fn=wcsnlen
38 3 1 1 0 0 0 0 0 0
40 4 0 0 2 0 0 0 0 0
49 2 1 1 1 0 0 0 0 0
fl=/build/glibc-eX1tMB/glibc-2.31/wcsmbs/../sysdeps/x86_64/multiarch/wmemchr.c
fn=wmemchr
31 4 1 1 2 0 0 0 0 0
fl=/build/glibc-eX1tMB/glibc-2.31/wcsmbs/../sysdeps/x86_64/multiarch/wmemcmp.c
fn=wmemcmp
29 2 0 0 1 0 0 0 0 0
fl=/build/glibc-eX1tMB/glibc-2.31/wcsmbs/../sysdeps/x86_64/multiarch/wmemset.c
fn=wmemset
31 6 1 1 2 0 0 0 0 0
fl=???
fn=???
0 4194561 26 24 2097253 14 7 18 1 1
fn=__libc_csu_init
0 34 3 3 8 0 0 8 0 0
fn=_start
0 12 1 1 2 0 0 3 0 0
fn=main
0 26219571 5 5 13 2 2 4194317 131072 131072
fn=rowRowMultiplication
0 9398395915 4 4 536870915 268826625 132034 524290 133120 132097
summary: 9554591209 1115 1102 576767644 268829260 134211 17314633 264877 263784
